CDW,-0.68,177.12,0.34,0.55,-7,-0.25,-0.09,-7/20,buy,170.68-263.37,1,33.0
MGNI,-0.65,16.63,7.16,1.08,-8,0.0,-0.04,-8/20,buy,8.38-18.38,1,10.0
TTWO,-0.46,187.16,1.76,1.57,-6,-0.12,-0.1,-6/20,buy,135.24-191.91,1,2.0
FCUV,-0.44,0.26,10.75,10.83,-8,0,0,-8/20,,0.15-1.8,1,85.0
TECX,-0.42,51.2,12.29,8.75,-8,0,0,-8/20,buy,1.4-53.41,1,4.0
LTBR,-0.38,5.64,26.73,3.86,-10,0,0,-10/20,,2.21-14.2,1,60.0
LVS,-0.37,51.97,4.63,2.31,-6,-0.09,-0.23,-6/20,buy,36.62-56.61,1,8.0
DMN,-0.35,0.79,3.68,6.79,-6,0,0,-6/20,,0.512-4.95,1,84.0
IHG,-0.35,126.78,5.71,1.12,-6,0,0,-6/20,hold,89.02-131.68,1,4.0
CUK,-0.33,23.21,5.1,4.66,-6,0,0,-6/20,,12.5-24.66,1,6.0
ADX,-0.33,20.68,5.81,2.5,-6,0,0,-6/20,buy,17.18-22.63,1,9.0
MAR,-0.29,286.56,1.78,0.82,-5,-0.03,-0.01,-5/20,hold,204.55-295.45,1,3.0
BKE,-0.26,51.73,20.12,1.97,-8,-0.07,-0.08,-8/20,hold,34.87-54.25,1,5.0
USM,-0.25,63.52,3.38,0.03,-5,-1.9,-1.51,-5/20,hold,32.01-68.31,1,7.000000000000001
UG,-0.23,9.73,3.06,3.38,-5,0,0,-5/20,,6.75-16.25,1,40.0
SILO,-0.22,0.95,17.08,15.1,-8,0,0,-8/20,,0.77-4.5,1,79.0
PHI,-0.22,22.04,10.47,0.06,-6,0,0,-6/20,,21.0-30.39,1,27.0
JOF,-0.18,7.66,3.75,6.41,-5,0,0,-5/20,,6.89-8.34,1,8.0
KSS,-0.17,14.85,9.84,6.8,-6,-0.46,-9.47,-6/20,hold,13.77-29.6,1,50.0
DAC,-0.17,79.21,5.85,0.76,-5,-1.11,-0.15,-5/20,buy,69.33-98.25,1,19.0
ECBK,-0.16,14.92,5.98,1.7,-5,0,0,-5/20,,11.39-15.75,1,5.0
FFA,-0.13,20.72,7.13,1.92,-5,0,0,-5/20,,17.58-21.24,1,2.0
REFI,-0.12,16.21,1.86,1.28,-4,-0.04,-0.04,-4/20,buy,14.82-16.75,1,3.0
JFR,-0.08,8.99,3.26,0.87,-4,0,0,-4/20,,8.07-9.24,1,3.0
PLRX,-0.02,14.03,14.35,8.19,-6,-0.04,-0.06,-6/20,buy,10.22-19.62,1,28.000000000000004
BEST,-0.02,2.65,5.63,0.06,-4,0,0,-4/20,,1.85-2.77,1,4.0
BGB,-0.02,12.4,4.77,2.11,-4,0,0,-4/20,,11.2-12.69,1,2.0
SAMG,-0.01,18.62,5.0,2.7,-4,-0.24,-0.7,-4/20,buy,13.93-19.2,1,3.0
EBF,-0.01,21.35,5.64,0.94,-4,0.0,0.0,-4/20,buy,18.88-25.75,1,17.0
ATRO,-0.01,16.14,5.59,1.33,-4,-0.43,-23.99,-4/20,strongBuy,14.13-23.74,1,32.0
TWST,0.03,49.22,11.26,4.96,-5,-0.37,-0.46,-5/20,buy,27.41-60.9,1,19.0
CTSO,0.08,0.9,30.96,3.68,-8,0.0,-0.08,-8/20,buy,0.7-1.59,1,43.0
LFCR,0.08,7.49,8.39,1.79,-4,-0.04,-0.63,-4/20,hold,3.68-8.9,1,16.0
AAP,0.08,44.24,2.82,0.59,-3,-1.28,-2.51,-3/20,hold,35.59-88.56,1,50.0
AIO,0.09,25.09,7.09,6.32,-4,0,0,-4/20,,17.1-25.65,1,2.0
MSDL,0.09,21.18,8.5,2.75,-4,-0.09,-0.14,-4/20,hold,19.05-24.18,1,12.0
LEXX,0.12,2.37,13.64,25.44,-6,-0.08,-0.72,-6/20,strongBuy,1.2-6.85,1,65.0
TPX,0.13,55.83,4.87,0.27,-3,0.0,0.0,-3/20,buy,45.04-58.44,1,4.0
NBXG,0.14,13.02,11.08,0.04,-4,0,0,-4/20,,10.56-13.66,1,5.0
ELDN,0.14,4.37,20.13,7.55,-6,-0.75,-2.31,-6/20,buy,1.52-5.54,1,21.0
FLC,0.15,16.59,5.41,0.4,-3,0,0,-3/20,,14.5-17.48,1,5.0
HLLY,0.16,2.93,10.53,3.7,-4,-0.13,-4.98,-4/20,buy,2.29-5.23,1,44.0
DJCO,0.19,576.19,11.64,3.51,-4,0,0,-4/20,,309.22-602.0,1,4.0
JOBY,0.19,9.16,3.52,27.25,-4,-0.02,-0.13,-4/20,hold,4.5-9.33,1,2.0
CTRI,0.2,20.37,12.68,0.72,-4,-0.5,-1.98,-4/20,buy,14.47-28.645,1,28.999999999999996
SPMA,0.2,24.93,1.21,0.53,-2,0,0,-2/20,,24.45-25.1,1,1.0
YALA,0.21,4.2,7.35,0.54,-3,0,0,-3/20,buy,3.71-6.31,1,33.0
EFR,0.23,12.97,2.3,0.41,-2,0,0,-2/20,,12.32-13.4,1,3.0
HSCS,0.25,3.77,3.53,51.55,-5,-0.27,-0.12,-5/20,strongBuy,2.36-18.5,1,80.0
LNKB,0.25,7.7,7.89,3.61,-3,0.0,0.0,-3/20,hold,5.86-8.29,1,7.000000000000001
ETW,0.27,8.53,3.48,0.63,-2,0,0,-2/20,,7.63-8.72,1,2.0
DLPN,0.28,1.14,23.26,12.76,-6,-0.68,-6.89,-6/20,strongBuy,0.9-3.58,1,68.0
WLFC,0.28,213.81,20.66,2.66,-5,-0.55,-2.87,-5/20,,45.32-235.43,1,9.0
TME,0.28,11.92,7.57,7.11,-3,-0.02,-0.02,-3/20,buy,8.19-15.77,1,24.0
ELTX,0.29,5.07,14.85,3.95,-4,-0.34,-0.57,-4/20,strongBuy,2.96-11.45,1,56.00000000000001
ZYME,0.29,14.5,9.19,3.17,-3,-0.16,-0.54,-3/20,buy,7.97-17.7,1,18.0
PEBK,0.29,32.35,2.84,4.71,-2,0,0,-2/20,,23.74-33.31,1,3.0
MCR,0.3,6.27,4.71,0.56,-2,0,0,-2/20,,6.01-6.58,1,5.0
ISSC,0.31,8.75,3.93,20.78,-3,0,0,-3/20,buy,4.91-8.95,1,2.0
IROQ,0.31,23.25,1.32,11.44,-2,0,0,-2/20,,14.85-24.0,1,3.0
HCI,0.31,118.47,1.54,2.94,-8,0.56,0.0,-8/20,buy,81.35-126.5,1,6.0
CBZ,0.32,82.72,5.09,0.96,-2,-0.38,-0.62,-2/20,buy,60.59-86.36,1,4.0
MCD,0.32,294.8,5.37,0.89,-2,-0.07,-0.02,-2/20,buy,243.53-317.9,1,7.000000000000001
VPG,0.33,23.88,9.1,7.64,-3,-0.13,-1.08,-3/20,buy,20.83-35.98,1,34.0
TCI,0.33,29.58,4.26,4.72,-2,0,0,-2/20,,26.29-43.4,1,32.0
LOMA,0.35,12.16,2.46,12.08,-2,0,0,-2/20,hold,5.7-13.79,1,12.0
AZO,0.36,3241.25,0.08,2.73,-1,-8.34,-0.17,-1/20,buy,2510.0-3416.71,1,5.0
NVRI,0.36,7.7,4.0,8.15,-2,-0.54,-17.06,-2/20,buy,6.57-12.79,1,40.0
YSG,0.37,4.77,24.1,1.15,-5,-1.13,-1.54,-5/20,strongBuy,1.99-5.223,1,9.0
EXTR,0.37,17.61,3.39,11.78,-2,-1.05,-25.47,-2/20,buy,10.5-19.24,1,8.0
TMC,0.37,0.88,15.08,11.12,-4,-0.08,-1.6,-4/20,strongBuy,0.721-2.07,1,56.99999999999999
DATS,0.38,1.9,16.3,8.15,-4,0,0,-4/20,,1.01-4.13,1,54.0
AR,0.38,32.81,6.8,2.41,-2,-0.09,-1.06,-2/20,hold,20.56-36.28,1,10.0
FLD,0.38,11.22,1.33,0.74,-1,0,0,-1/19,,10.41-11.48,1,2.0
FGB,0.39,4.3,6.99,2.46,-2,0,0,-2/20,,3.39-4.42,1,3.0
AEIS,0.39,117.31,12.31,4.37,-3,-0.52,-3.24,-3/20,hold,89.12-124.48,1,6.0
ADIL,0.4,1.05,27.52,11.47,-6,-2.18,-6.34,-6/20,buy,0.77-4.17,1,75.0
UONE,0.41,1.51,17.96,7.01,-4,0,0,-4/20,,1.23-4.27,1,65.0
FORA,0.42,2.09,14.56,0.03,-3,-0.05,-0.58,-3/20,strongBuy,1.97-4.15,1,50.0
MTSI,0.42,135.3,24.58,4.94,-5,-0.14,-0.47,-5/20,buy,79.25-143.9,1,6.0
NARI,0.42,54.03,11.56,9.92,-3,-1.02,-6.54,-3/20,buy,36.73-66.61,1,19.0
BST,0.43,37.51,13.78,3.45,-3,0,0,-3/20,,31.38-39.01,1,4.0
BYFC,0.43,6.96,8.5,1.77,-2,0,0,-2/20,,4.41-7.99,1,13.0
HMC,0.43,28.37,9.22,17.7,-3,0,0,-3/20,buy,23.41-37.9,1,25.0
LQDA,0.43,11.8,8.01,3.43,-2,-0.03,-0.1,-2/20,buy,8.26-16.99,1,31.0
LZM,0.44,6.99,8.94,1.86,-2,-0.09,-1.82,-2/20,buy,4.52-9.97,1,30.0
DEC,0.45,16.15,9.71,0.69,-2,0,0,-2/20,buy,10.537-17.053,1,5.0
HLT,0.45,251.76,15.52,1.15,-3,-0.59,-0.38,-3/20,hold,178.23-259.01,1,3.0
SNPX,0.46,3.3,9.93,36.36,-4,0,0,-4/20,,2.32-8.775,1,62.0
CBNK,0.47,28.97,3.92,2.69,-1,-0.03,-0.04,-1/20,buy,15.0-31.22,1,7.000000000000001
BGT,0.47,13.03,4.61,0.39,-1,0,0,-1/20,,12.01-13.97,1,7.000000000000001
SAP,0.47,253.51,11.62,14.32,-3,-1.55,-2.1,-3/20,strongBuy,148.38-256.13,1,1.0
APGE,0.47,47.18,12.18,12.41,-3,-0.29,-0.44,-3/20,buy,27.05-72.29,1,35.0
ING,0.48,15.68,9.48,4.49,-2,0,0,-2/20,strongBuy,12.78-18.72,1,16.0
BKSY,0.48,11.64,11.47,16.01,-3,-0.23,-0.45,-3/20,buy,3.86-14.16,1,18.0
SMXT,0.49,1.48,26.55,23.55,-6,0,0,-6/20,,0.6-15.88,1,91.0
CPHC,0.5,21.69,11.21,18.26,-3,0,0,-3/20,,17.1-30.25,1,28.000000000000004
OMCC,0.5,6.0,4.98,2.54,-1,0,0,-1/20,,5.29-7.55,1,21.0
TSI,0.52,5.01,5.98,1.29,-1,0,0,-1/20,,4.52-5.21,1,4.0
TDS,0.52,34.78,5.28,3.68,-1,-0.58,-3.87,-1/20,strongBuy,13.69-35.39,1,2.0
GTLS,0.53,195.62,0.76,0.68,0,-0.57,-0.23,0/20,buy,101.6-204.23,1,4.0
GUT,0.54,5.29,5.53,4.81,-1,0,0,-1/20,,4.97-6.25,1,15.0
MNKD,0.54,6.89,4.5,8.21,-1,-0.01,-2.67,-1/20,buy,3.17-7.63,1,10.0
RVSB,0.55,5.79,5.3,6.19,-1,-0.12,-4.17,-1/20,strongBuy,3.3-6.51,1,11.0
CCIF,0.56,8.04,7.5,0.87,-1,-0.3,-0.9,-1/20,buy,7.57-8.8,1,9.0
EDU,0.56,63.95,3.29,13.2,-1,-0.17,-0.47,-1/20,buy,54.0-98.2,1,35.0
WFCF,0.57,12.95,9.63,13.18,-2,-0.02,-0.15,-2/20,,9.76-13.95,1,7.000000000000001
TRIN,0.57,14.87,12.55,4.31,-2,-0.01,-0.02,-2/20,buy,13.045-15.26,1,3.0
SOL,0.59,2.05,16.85,11.38,-3,-0.22,-1.64,-3/20,strongBuy,1.41-3.0,1,32.0
BKV,0.61,22.66,13.04,6.87,-2,0,0,-2/20,buy,17.39-24.03,1,6.0
TRAK,0.63,22.72,10.08,0.36,-1,0,0,-1/20,strongBuy,9.66-25.01,1,9.0
QS,0.63,6.14,6.01,30.26,-2,-0.15,-0.76,-2/20,hold,4.65-10.03,1,39.0
JLS,0.64,18.09,4.9,0.04,0,0,0,0/20,,16.61-19.15,1,6.0
CBNA,0.64,24.44,21.28,2.98,-3,0,0,-3/20,strongBuy,20.1-27.56,1,11.0
REKR,0.65,1.02,17.86,13.79,-3,-0.32,-3.72,-3/20,buy,0.782-3.92,1,74.0
DAKT,0.65,17.32,3.47,22.16,-1,-0.26,-0.72,-1/20,strongBuy,7.2-19.89,1,13.0
CAG,0.65,27.55,10.81,0.8,-1,-0.04,-0.07,-1/20,hold,26.21-33.24,1,17.0
LCUT,0.67,6.08,20.51,8.07,-3,-0.18,-0.59,-3/20,buy,5.25-11.68,1,48.0
DB,0.67,17.22,8.41,9.18,-1,0,0,-1/20,strongSell,12.43-18.07,1,5.0
CRESY,0.68,12.93,6.72,15.38,-1,0,0,-1/20,buy,6.56-14.23,1,9.0
AKAM,0.68,97.96,9.63,7.08,-1,-0.42,-0.48,-1/20,buy,84.7-129.17,1,24.0
NIE,0.69,24.51,4.82,4.6,0,0,0,0/20,,20.39-25.44,1,4.0
ETB,0.7,15.2,5.98,2.89,0,0,0,0/20,,12.66-15.35,1,1.0
CLAR,0.71,4.59,6.58,1.24,0,-0.06,-13.38,0/20,buy,3.89-7.55,1,39.0
CFFI,0.71,73.84,6.14,2.83,0,0,0,0/20,,33.51-80.87,1,9.0
ETJ,0.72,9.44,6.42,3.57,0,0,0,0/20,,7.56-9.6,1,2.0
CHN,0.72,12.39,10.2,9.01,-1,0,0,-1/20,,9.0-14.74,1,16.0
EOD,0.73,4.97,11.83,5.52,-1,0,0,-1/20,,4.27-5.11,1,3.0
LBRT,0.73,18.75,6.41,4.18,0,-0.11,-0.18,0/20,hold,16.57-24.75,1,24.0
BGS,0.73,7.14,3.92,11.86,0,-0.09,-0.54,0/20,hold,6.12-11.97,1,40.0
VVR,0.73,3.91,7.73,0.2,0,0,0,0/20,buy,3.81-4.46,1,12.0
ASA,0.73,20.32,7.48,0.63,0,0,0,0/20,,13.18-22.78,1,11.0
DIOD,0.75,64.87,7.89,2.23,0,-0.22,-0.69,0/20,hold,52.71-86.74,1,25.0
PLUG,0.76,2.38,12.24,24.58,-2,-0.4,-1.25,-2/20,hold,1.6-5.14,1,54.0
SLE,0.77,0.64,30.3,41.22,-6,-0.22,-0.35,-6/20,strongBuy,0.5-2.84,1,77.0
VIST,0.77,54.09,2.25,2.95,1,-19.31,-0.9,1/20,buy,28.43-59.47,1,9.0
RL,0.77,232.62,4.12,7.28,-6,0.08,-0.01,-6/20,buy,134.9-237.16,1,2.0
MTCH,0.77,33.43,18.96,5.35,-2,-0.04,-0.05,-2/20,hold,27.655-42.425,1,21.0
ADUR,0.77,6.13,20.73,17.87,-3,0,0,-3/20,,1.339-7.0,1,12.0
GEV,0.77,343.07,19.1,4.78,-2,-0.26,-1.17,-2/20,buy,119.0-357.09,1,4.0
PPT,0.78,3.57,8.33,3.52,0,0,0,0/20,hold,3.4-3.74,1,5.0
FRA,0.78,14.18,2.11,4.4,1,0,0,1/20,,12.15-14.5,1,2.0
SKE,0.79,9.23,9.73,0.09,0,0,0,0/20,,3.29-10.33,1,11.0
HUMA,0.79,5.29,7.04,43.23,-2,-0.25,-1.08,-2/20,buy,2.48-9.97,1,47.0
OBLG,0.8,3.94,8.52,22.2,-1,0,0,-1/20,,2.81-14.8,1,73.0
ARDT,0.8,16.69,7.53,7.98,0,0,0,0/20,buy,14.575-20.72,1,19.0
RIVN,0.82,14.04,2.53,25.25,0,-0.37,-0.32,0/20,hold,8.26-24.3,1,42.0
CDZI,0.83,4.53,36.23,12.73,-5,0,0,-5/20,buy,2.12-4.72,1,4.0
UBFO,0.83,10.19,3.05,6.84,1,0,0,1/20,,7.02-10.49,1,3.0
TDF,0.83,8.77,3.53,5.24,1,0,0,1/20,,7.15-10.41,1,16.0
LAKE,0.83,24.35,5.22,18.41,0,-2.07,-5.43,0/20,strongBuy,15.1-26.1,1,7.000000000000001
BTCM,0.84,2.92,31.14,10.71,-4,-0.77,0.0,-4/20,hold,1.79-6.5,1,55.00000000000001
IFRX,0.84,2.61,12.0,16.49,-1,-0.1,-0.51,-1/20,buy,1.165-2.815,1,7.000000000000001
APO,0.84,174.37,17.17,0.93,-1,-0.8,-0.47,-1/20,buy,89.76-189.49,1,8.0
SELF,0.86,5.12,5.87,1.63,1,0,0,1/20,buy,4.01-5.85,1,12.0
MDCX,0.87,2.84,21.58,24.96,-3,0,0,-3/20,strongBuy,1.8-3.23,1,12.0
KAR,0.87,20.45,5.91,2.78,1,-0.11,-1.21,1/20,strongBuy,12.86-20.85,1,2.0
GAM,0.87,51.39,6.3,0.97,1,0,0,1/20,,41.88-55.44,1,7.000000000000001
RXRX,0.87,7.66,16.93,39.7,-3,-0.03,-0.06,-3/20,hold,5.6-15.74,1,51.0
NTIC,0.87,14.07,10.44,6.94,0,-0.12,-0.49,0/20,buy,11.24-19.63,1,28.000000000000004
STLA,0.88,13.02,17.58,3.91,-1,0,0,-1/20,hold,12.12-29.51,1,56.00000000000001
ABVC,0.88,0.56,18.67,17.37,-2,-0.1,-0.2,-2/20,,0.405-2.45,1,77.0
CII,0.88,20.44,5.94,3.59,1,0,0,1/20,,17.57-20.46,1,0.0
FLYE,0.88,0.45,14.9,11.25,-1,0,0,-1/20,,0.382-7.62,1,94.0
PMTS,0.9,32.98,9.12,13.22,0,-0.11,-0.18,0/20,buy,15.0-35.188,1,6.0
DRH,0.91,9.38,12.85,3.51,0,-0.06,-0.35,0/20,hold,7.74-10.0,1,6.0
DAN,0.91,11.81,5.09,26.6,0,-0.26,-1.58,0/20,hold,7.58-14.96,1,21.0
GEAR,0.91,19.22,1.57,1.83,2,0,0,2/20,,18.9-44.72,1,56.99999999999999
SSP,0.91,2.04,28.17,9.96,-3,-0.26,-0.33,-3/20,buy,1.68-9.35,1,78.0
TBI,0.91,8.17,3.6,13.67,1,-0.28,-14.27,1/20,strongBuy,6.63-15.6,1,48.0
SOC,0.92,23.79,1.35,3.82,2,-6.16,-9.11,2/20,buy,10.11-28.67,1,17.0
PACB,0.92,1.93,31.09,19.58,-4,-0.32,-1.3,-4/20,hold,1.16-10.39,1,81.0
CRK,0.93,16.66,9.92,14.19,0,-0.05,-0.26,0/20,hold,7.07-17.79,1,6.0
NOA,0.94,21.34,4.24,14.63,1,-1.18,-1.36,1/20,buy,16.46-25.92,1,18.0
ETV,0.94,14.46,2.08,3.4,2,0,0,2/20,,11.82-14.63,1,1.0
IXHL,0.94,1.8,20.53,0.81,-1,0,0,-1/20,strongBuy,1.5-8.47,1,79.0
MNSB,0.94,18.42,8.82,0.93,1,-0.06,-0.67,1/20,buy,14.97-25.02,1,26.0
FCT,0.94,10.48,2.88,1.15,2,0,0,2/20,hold,9.7-10.93,1,4.0
DSU,0.94,10.87,2.76,1.94,2,0,0,2/20,,10.11-11.4,1,5.0
THS,0.96,35.44,14.45,3.87,0,-1.37,-24.32,0/20,hold,28.04-43.84,1,19.0
KLTO,0.96,0.46,14.39,55.9,-3,0,0,-3/20,,0.26-13.1,1,96.0
QRVO,0.96,71.63,13.14,7.62,0,-1.1,-0.71,0/20,hold,64.54-130.99,1,45.0
SPXX,0.97,17.75,8.39,5.45,1,0,0,1/20,,14.72-18.0,1,1.0
BCAN,0.97,8.3,2.23,6.65,2,0,0,2/20,,7.203-1246.78,1,99.0
MDRR,0.99,13.74,4.86,17.81,1,0,0,1/20,,8.238-14.996,1,8.0
CPSS,0.99,10.64,14.34,6.6,0,0,0,0/20,strongBuy,7.03-12.04,1,12.0
RWAY,1.0,10.79,2.93,7.02,2,-0.11,-0.24,2/20,hold,9.87-13.74,1,21.0
KRT,1.0,30.71,10.56,1.73,1,-0.12,-0.22,1/20,buy,22.511-33.142,1,7.000000000000001
BJDX,1.0,3.75,17.24,51.94,-3,-372.0,-1.09,-3/20,,3.03-508.0,1,99.0
FSUN,1.02,40.01,3.5,7.23,2,0,0,2/20,hold,33.0-44.37,1,10.0
VALU,1.03,53.2,4.43,6.34,2,0,0,2/20,,36.0-57.68,1,8.0
IDN,1.04,2.78,10.83,22.22,0,0.0,-0.58,0/20,hold,1.65-4.46,1,38.0
HNNA,1.05,11.92,10.03,26.22,0,-0.15,-0.24,0/20,,6.38-13.88,1,14.000000000000002
IRTC,1.07,89.99,24.02,3.31,-1,-1.81,-2.89,-1/20,buy,55.92-124.115,1,27.0
LITE,1.08,85.69,23.88,5.11,-1,-3.58,-1.46,-1/20,buy,38.285-96.25,1,11.0
PERF,1.09,2.41,38.3,49.88,-6,0.0,-0.21,-6/20,buy,1.702-3.768,1,36.0
ECCF,1.09,24.92,2.39,0.9,3,0,0,3/20,,24.3-25.55,1,2.0
SWKH,1.1,16.26,7.19,4.4,2,-0.21,-0.42,2/20,strongBuy,15.14-18.49,1,12.0
OKLO,1.1,24.04,31.3,20.05,-3,0,0,-3/20,buy,5.35-28.12,1,15.0
ATYR,1.11,3.77,26.87,17.0,-2,0.0,-0.01,-2/20,strongBuy,1.38-3.8,1,1.0
ETY,1.11,15.22,1.98,3.88,3,0,0,3/20,hold,11.81-15.35,1,1.0
WEYS,1.12,37.45,6.74,8.72,2,0,0,2/20,,27.05-41.05,1,9.0
RDVT,1.13,37.37,25.49,4.82,-1,-0.01,-0.04,-1/20,buy,16.56-39.88,1,6.0
BXMX,1.13,14.05,8.57,3.86,2,0,0,2/20,buy,12.45-14.3,1,2.0
LIPO,1.13,3.32,30.1,26.33,-3,0,0,-3/20,strongBuy,2.21-12.0,1,72.0
KGS,1.13,40.91,19.6,5.13,0,-0.35,-0.66,0/20,buy,19.88-44.2,1,7.000000000000001
VCV,1.13,10.74,2.83,3.06,3,0,0,3/20,,9.49-11.47,1,6.0
ADTN,1.13,8.49,32.14,2.56,-2,-4.74,-23.19,-2/20,buy,4.34-9.21,1,8.0
SPMC,1.14,20.74,2.93,4.71,3,0,0,3/20,buy,18.2-21.974,1,6.0
TG,1.14,7.82,16.83,15.18,0,0,0,0/20,,3.98-9.22,1,15.0
BCSF,1.14,17.71,1.77,7.22,3,-0.05,-0.1,3/20,hold,14.75-17.79,1,0.0
NEON,1.14,8.69,21.28,18.79,-1,0,0,-1/20,buy,1.23-15.0,1,42.0
SLQT,1.15,3.63,20.07,41.03,-2,-0.08,-0.48,-2/20,buy,1.03-4.46,1,19.0
CNVS,1.17,3.96,22.9,17.17,-1,-0.08,-0.66,-1/20,buy,0.72-4.19,1,5.0
FINS,1.18,12.91,4.65,3.58,3,0,0,3/20,,11.8-13.3,1,3.0
PSO,1.18,16.16,3.73,5.66,3,0,0,3/20,hold,11.69-16.3,1,1.0
SNX,1.22,119.96,18.37,0.58,1,-0.73,-0.36,1/20,buy,98.7-133.85,1,10.0
LAB,1.22,1.9,15.08,10.65,1,-0.26,-2.16,1/20,buy,1.21-3.04,1,38.0
JBT,1.23,131.66,16.46,8.18,1,-0.3,-0.25,1/20,buy,82.64-132.61,1,1.0
FYBR,1.24,34.85,1.74,0.33,4,-0.59,-9.67,4/20,hold,20.51-39.21,1,11.0
FINV,1.24,7.02,21.99,9.6,0,0,0,0/20,buy,4.45-7.29,1,4.0
MXE,1.26,8.34,6.49,5.84,3,0,0,3/20,,8.26-11.63,1,28.000000000000004
HTGC,1.28,19.86,6.34,8.11,3,0.0,-0.01,3/20,hold,16.51-21.78,1,9.0
FDSB,1.28,12.7,2.4,2.84,4,0,0,4/20,,9.85-13.4,1,5.0
JCE,1.29,15.91,7.52,5.73,3,0,0,3/20,,12.8-16.28,1,2.0
TSSI,1.29,12.19,36.07,42.01,-4,0,0,-4/20,,0.24-12.99,1,6.0
BVFL,1.3,17.39,8.51,4.23,3,0,0,3/20,,10.14-18.19,1,4.0
PRAX,1.3,78.22,27.19,0.34,0,-0.22,-0.16,0/20,buy,19.61-86.93,1,10.0
UBCP,1.34,13.47,38.79,4.52,-2,0,0,-2/20,buy,11.4-15.5,1,13.0
RCAT,1.35,13.41,7.81,81.13,-1,-0.06,-0.72,-1/20,buy,0.563-14.91,1,10.0
TM,1.38,197.36,10.19,24.58,2,0,0,2/20,hold,159.04-255.23,1,23.0
FBRX,1.38,21.5,57.42,22.09,-6,-0.04,-0.27,-6/20,buy,4.11-28.68,1,25.0
DLNG,1.39,5.4,32.97,27.24,-2,-0.01,-0.04,-2/20,buy,2.27-5.61,1,4.0
SVCO,1.39,8.2,50.39,9.94,-4,0,0,-4/20,buy,6.14-21.59,1,62.0
CAE,1.4,25.0,15.34,11.32,2,-1.94,-4.96,2/20,hold,15.95-25.02,1,0.0
CDXS,1.42,4.97,31.78,15.89,-1,-0.27,-1.17,-1/20,buy,2.53-6.08,1,18.0
NCPL,1.43,1.99,31.41,17.95,-1,0,0,-1/20,,1.41-22.82,1,91.0
DEO,1.46,127.05,11.62,11.17,3,0,0,3/20,hold,117.72-154.71,1,18.0
SPRU,1.47,2.89,10.42,32.88,2,0,0,2/20,strongBuy,2.17-4.89,1,41.0
GDOT,1.47,10.72,18.75,7.69,2,-1.15,-33.4,2/20,hold,7.7-13.58,1,21.0
IH,1.47,1.76,17.44,11.75,2,0,0,2/20,,1.47-3.18,1,45.0
XYF,1.5,8.26,14.62,23.72,2,0,0,2/20,,3.48-8.59,1,4.0
AAOI,1.51,40.94,53.04,31.23,-5,-0.03,-0.21,-5/20,buy,6.7-44.5,1,8.0
PNNT,1.51,7.03,8.89,6.57,4,-0.7,-3.08,4/20,hold,6.43-8.04,1,13.0
DWTX,1.51,2.62,25.86,7.67,1,-0.94,-1.43,1/20,strongBuy,1.62-23.5,1,89.0
TBRG,1.52,19.02,25.07,11.37,1,-0.49,-1.83,1/20,hold,7.55-19.2899,1,1.0
EOS,1.53,24.64,8.9,9.16,4,0,0,4/20,hold,18.08-24.98,1,1.0
DBL,1.54,15.48,5.75,1.75,5,0,0,5/20,,14.49-16.25,1,5.0
AAM,1.55,10.08,0.6,0.55,6,0,0,6/20,,9.96-10.18,1,1.0
TPR,1.55,66.18,25.49,13.53,1,-0.05,-0.03,1/20,buy,35.23-66.3,1,0.0
CAAP,1.55,19.02,10.63,5.09,4,-0.1,-0.56,4/20,buy,13.74-20.79,1,9.0
CPBI,1.55,14.93,10.42,6.2,4,0,0,4/20,,9.91-15.5,1,4.0
MOVE,1.57,5.72,31.8,14.05,0,0,0,0/20,strongBuy,2.8-12.75,1,55.00000000000001
KINS,1.58,16.15,57.83,6.71,-4,0,0,-4/20,buy,1.95-18.08,1,11.0
SXTP,1.58,1.34,28.04,60.6,-2,-1.34,-1.47,-2/20,buy,0.702-15.0,1,91.0
SRZN,1.58,14.78,20.05,67.52,-1,-2.87,-1.02,-1/20,buy,6.0-16.19,1,9.0
DFIN,1.59,62.74,11.31,7.73,4,-0.03,-0.18,4/20,strongBuy,56.02-71.01,1,12.0
RICK,1.59,58.43,1.58,19.51,5,-1.9,-2.83,5/20,strongBuy,37.61-67.89,1,14.000000000000002
BXSL,1.59,33.2,12.22,5.38,4,-0.03,-0.04,4/20,buy,27.47-33.295,1,0.0
PDCO,1.6,30.89,3.89,65.97,2,-0.33,-1.0,2/20,hold,19.45-31.79,1,3.0
SLNG,1.61,5.46,27.47,13.86,1,0,0,1/20,buy,3.77-6.2,1,12.0
OCC,1.61,3.86,14.35,105.02,-2,0,0,-2/20,,2.02-7.0,1,45.0
MERC,1.61,6.58,22.46,10.92,2,-1.17,-6.79,2/20,hold,5.33-11.2,1,41.0
PSMT,1.62,94.3,6.27,7.86,5,-0.12,-0.11,5/20,buy,72.15-99.23,1,5.0
EVTL,1.62,11.73,15.81,66.54,0,0,0,0/20,buy,3.55-12.79,1,8.0
FORD,1.62,4.49,13.27,21.82,3,0,0,3/20,,3.1-8.29,1,46.0
SLM,1.64,28.14,19.31,6.54,3,0.0,-2.41,3/20,buy,18.04-28.24,1,0.0
JNPR,1.64,37.51,1.6,7.27,6,-0.12,-0.24,6/20,hold,29.13-39.79,1,6.0
SOHO,1.66,0.99,29.7,12.14,1,0,0,1/20,hold,0.86-1.56,1,37.0
PFX,1.67,51.0,12.29,12.91,4,-0.59,-0.29,4/19,hold,40.99-51.5,1,1.0
MITT,1.68,7.09,8.81,6.66,5,-0.03,-0.11,5/20,buy,5.44-7.95,1,11.0
SLAB,1.68,129.45,24.67,28.81,1,-0.64,-0.07,1/20,hold,94.0-154.91,1,16.0
ASX,1.7,10.38,24.22,14.8,2,-0.06,-0.45,2/20,buy,8.1-12.86,1,19.0
QUIK,1.71,10.18,7.76,48.38,3,-0.07,-11.2,3/20,buy,6.75-20.75,1,51.0
AVNW,1.73,17.94,22.74,22.31,2,-0.81,-30.04,2/20,buy,12.96-38.85,1,54.0
LQR,1.78,1.27,27.78,82.64,-2,-0.5,-1.31,-2/20,buy,0.4007-3.86,1,67.0
LEDS,1.79,1.32,46.51,9.87,-1,0,0,-1/20,,0.92-2.29,1,42.0
ENFN,1.79,10.69,17.11,10.62,4,-0.01,-2.82,4/20,hold,7.52-11.375,1,6.0
TKNO,1.8,8.97,38.02,36.34,-1,-0.01,-0.13,-1/20,buy,1.155-9.72,1,8.0
ARES,1.81,182.72,18.97,7.58,4,-0.19,-0.22,4/20,hold,112.83-185.06,1,1.0
INZY,1.81,3.05,20.27,20.98,3,-0.11,-0.34,3/20,buy,2.385-7.795,1,61.0
BRID,1.81,10.6,13.98,22.17,4,0,0,4/20,,7.77-14.69,1,28.000000000000004
AIMD,1.82,0.48,20.93,2.59,4,0,0,4/20,,0.4-4.29,1,89.0
SPR,1.83,33.87,8.14,6.53,6,-4.38,-6.99,6/20,hold,25.16-37.08,1,9.0
ANEB,1.83,1.62,19.23,35.48,-4,0.06,-0.21,-4/20,buy,0.8-3.3,1,51.0
MIR,1.84,18.1,22.36,17.62,3,-0.0,-0.18,3/20,buy,9.11-18.81,1,4.0
MBX,1.86,21.89,30.94,11.28,2,0,0,2/20,buy,15.31-27.5,1,20.0
OM,1.87,1.21,25.21,64.2,0,-0.4,-0.72,0/20,buy,0.435-5.88,1,79.0
MNTS,1.89,9.1,53.67,50.67,-4,0,0,-4/20,,4.505-28.56,1,68.0
SGD,1.95,2.79,25.0,37.85,2,0,0,2/20,,1.45-53.8,1,95.0
CEAD,1.98,8.0,13.78,57.25,3,0,0,3/20,,5.6-11.04,1,28.000000000000004
ZGN,1.98,8.39,17.65,10.83,5,0,0,5/20,hold,7.13-15.26,1,45.0
ONMD,1.99,1.38,13.1,77.94,2,0,0,2/20,,0.42-3.37,1,59.0
CTLT,1.99,63.48,6.81,9.25,7,-1.27,-7.44,7/14,hold,42.11-63.5,1,0.0
HSBC,2.01,49.26,7.68,8.58,7,0,0,7/20,strongBuy,36.93-49.455,1,0.0
STVN,2.01,21.74,5.98,14.2,7,-0.02,-0.13,7/20,buy,16.56-34.73,1,37.0
MPAA,2.02,8.13,36.95,26.5,1,-0.4,-5.71,1/20,buy,4.36-10.4,1,22.0
TNFA,2.02,1.29,24.79,28.81,3,0,0,3/20,,1.05-10.2,1,87.0
NEOV,2.02,5.23,70.87,12.54,-4,-0.01,-0.5,-4/20,strongBuy,0.627-6.109,1,14.000000000000002
MCI,2.03,20.62,15.08,6.46,6,0,0,6/20,,16.91-20.75,1,1.0
SBXD,2.05,10.1,0.15,1.0,9,0,0,9/19,,9.95-10.4,1,3.0
MANU,2.05,17.13,8.88,1.43,1,0.04,-0.21,1/20,hold,13.5-22.0,1,22.0
LVO,2.05,1.18,29.41,35.12,2,-0.04,-6.61,2/20,buy,0.562-2.15,1,45.0
CEPU,2.05,14.44,26.57,8.76,4,0,0,4/20,hold,7.07-16.34,1,12.0
SISI,2.06,2.63,56.07,25.91,-2,0,0,-2/20,,1.95-117.648,1,98.0
RDW,2.07,17.09,27.31,43.91,2,-0.7,-7.21,2/20,buy,2.68-17.09,1,-0.0
UPLD,2.07,4.48,39.82,40.91,0,-2.25,-2.62,0/20,hold,1.79-5.64,1,21.0
B,2.09,47.2,1.28,1.14,9,-2.09,-6.36,9/20,hold,29.68-47.4,1,0.0
BACK,2.1,1.26,26.09,32.55,3,-2.25,-3.98,3/20,,0.98-7.75,1,84.0
NMRA,2.12,11.34,23.32,25.41,4,-0.15,-0.41,4/20,buy,8.33-21.0,1,46.0
CCU,2.13,11.58,5.19,3.77,2,0.02,-0.06,2/20,strongSell,10.0-13.74,1,16.0
THCP,2.14,12.24,22.63,47.71,3,0,0,3/9,,10.21-14.99,1,18.0
GRPN,2.15,12.01,9.62,44.77,-1,0.13,-15.72,-1/20,buy,7.75-19.56,1,39.0
OUST,2.15,13.71,11.56,64.44,4,-0.37,-1.29,4/20,buy,4.65-16.879,1,19.0
JWN,2.17,24.22,3.92,11.33,2,0.03,-4.21,2/20,hold,16.63-24.99,1,3.0
JNVR,2.19,0.58,30.3,46.67,2,0,0,2/20,,0.421-1.48,1,61.0
BRKH,2.19,13.17,2.59,24.84,8,0,0,8/20,,10.7-29.61,1,56.00000000000001
SVV,2.2,10.59,15.64,22.42,6,-0.29,-2.21,6/20,buy,7.78-21.33,1,50.0
MLAB,2.2,135.62,15.53,22.44,6,-45.19,-401.63,6/20,buy,83.68-141.17,1,4.0
BBW,2.21,47.94,9.59,41.59,6,-0.16,-0.05,6/20,buy,21.24-48.23,1,1.0
JOUT,2.22,34.8,32.57,8.15,4,-5.44,-6.54,4/20,strongBuy,29.98-53.86,1,35.0
MPV,2.24,17.17,5.26,4.46,9,0,0,9/20,,14.76-17.99,1,5.0
ADI,2.25,218.06,0.14,0.92,-8,0.1,0.07,-8/20,buy,181.81-244.14,1,11.0
BBAR,2.26,19.56,26.06,31.67,4,-0.29,-0.64,4/20,buy,4.63-20.0,1,2.0
BLX,2.26,35.86,27.05,11.73,5,0,0,5/20,strongBuy,22.93-36.58,1,2.0
ALK,2.26,67.02,5.78,39.91,7,-0.62,-0.19,7/20,buy,32.62-67.73,1,1.0
RDY,2.28,15.57,14.5,16.15,7,-2.29,-0.13,7/20,hold,13.432-16.892,1,8.0
SENEA,2.29,79.0,20.15,17.64,6,-0.51,-1.55,6/20,,43.89-80.65,1,2.0
LDWY,2.32,4.99,48.78,22.17,1,0,0,1/20,,3.02-6.88,1,27.0
TGI,2.32,18.95,7.94,2.33,-9,0.16,5.76,-9/20,hold,11.01-19.71,1,4.0
BMA,2.32,101.42,32.26,36.81,3,-109.24,-0.07,3/20,hold,24.41-109.36,1,7.000000000000001
HRYU,2.32,0.31,42.4,58.68,0,0,0,0/19,,0.172-1.09,1,72.0
VLGEA,2.33,32.05,17.31,0.33,-4,-0.1,0.03,-4/20,,24.57-33.99,1,6.0
NOM,2.36,11.69,11.59,15.27,8,0,0,8/20,,9.83-11.98,1,2.0
JAKK,2.38,27.87,10.86,0.06,-9,1.08,1.16,-9/20,buy,17.06-36.84,1,24.0
GOSS,2.38,0.85,33.77,38.05,3,-0.05,-0.17,3/20,buy,0.499-1.6,1,47.0
GRI,2.41,0.78,54.83,12.83,1,0,0,1/20,buy,0.302-65.0,1,99.0
MAIN,2.42,57.64,4.35,9.03,10,-0.01,-0.01,10/20,hold,42.68-57.741,1,0.0
KNF,2.42,104.14,2.03,2.97,-1,-0.11,0.13,-1/20,buy,61.5-108.39,1,4.0
FRHC,2.45,132.44,25.45,18.12,6,-2.93,-2.59,6/20,,64.0-134.0,1,1.0
QCOM,2.45,158.53,0.57,3.38,-7,0.19,0.08,-7/20,hold,134.94-230.63,1,31.0
AIRJ,2.47,8.7,19.66,20.08,7,0,0,7/20,strongBuy,4.94-49.11,1,82.0
OBDC,2.48,15.43,3.91,3.5,-1,0.0,0.02,-1/20,buy,13.98-16.91,1,9.0
MNSO,2.49,25.13,38.69,52.38,2,-0.19,-0.09,2/20,buy,12.51-25.5,1,1.0
LTRY,2.5,0.47,47.62,79.15,-1,0,0,-1/20,,0.22-3.6,1,87.0
GDYN,2.51,21.07,16.16,17.14,8,-0.01,-3.44,8/20,buy,9.07-21.19,1,1.0
DMRC,2.52,38.77,32.01,22.82,5,-0.03,-0.17,5/20,strongBuy,21.0-43.43,1,11.0
NFE,2.52,14.51,20.75,56.57,5,-0.46,-7.2,5/20,buy,7.82-39.05,1,63.0
GAP,2.54,24.56,3.72,2.99,-7,0.27,0.54,-7/20,hold,18.34-30.59,1,20.0
CLBR,2.58,11.92,24.0,18.15,7,0,0,7/20,,9.16-12.28,1,3.0
DALN,2.61,7.13,22.39,61.38,5,0,0,5/20,,2.984-7.86,1,9.0
ORC,2.62,7.85,3.83,1.13,0,0.0,0.01,0/20,hold,7.41-9.08,1,14.000000000000002
SHO,2.62,12.13,4.98,19.94,4,0.01,-0.56,4/20,hold,9.39-12.41,1,2.0
EHTH,2.62,8.76,14.49,85.77,5,-0.09,-0.04,5/20,hold,3.58-9.01,1,3.0
PSNL,2.63,6.26,30.53,90.59,2,-0.05,-0.32,2/20,buy,1.12-7.2,1,13.0
EVER,2.63,20.11,4.7,9.12,-7,0.16,0.65,-7/20,strongBuy,10.21-28.09,1,28.000000000000004
FOXX,2.64,5.11,42.99,54.81,2,0,0,2/20,,2.89-14.99,1,66.0
GPI,2.64,429.29,1.91,0.73,-6,2.0,0.23,-6/20,buy,255.73-440.32,1,3.0
VOTE,2.65,70.59,2.12,1.25,-6,1,1,-6/20,,54.53-71.63,1,1.0
OOMA,2.66,14.55,2.04,2.17,-6,0.02,0.2,-6/20,buy,6.5-17.0,1,14.000000000000002
ODC,2.66,88.61,30.41,42.01,5,-1.1,-2.49,5/20,,58.95-93.0,1,5.0
MESA,2.66,1.33,28.3,30.67,6,-0.64,-2.33,6/20,,0.55-1.89,1,30.0
ELAB,2.67,2.41,58.59,10.81,2,0,0,2/20,,1.74-778.0,1,100.0
GSL,2.69,22.01,2.73,3.78,-6,0.21,0.09,-6/20,buy,18.75-30.32,1,27.0
BGSF,2.69,6.17,51.23,17.17,3,-0.33,-3.51,3/20,strongBuy,5.2-10.74,1,43.0
XHR,2.69,15.3,3.74,0.08,-6,0.12,1.45,-6/20,buy,12.34-16.5,1,7.000000000000001
CWD,2.69,0.53,18.0,30.05,8,-0.14,-1.23,8/20,buy,0.374-1.48,1,64.0
GRND,2.7,18.17,18.0,31.24,8,-0.1,-2.34,8/20,strongBuy,7.93-18.26,1,0.0
REBN,2.73,1.56,25.86,62.74,5,0,0,5/20,,0.92-8.8,1,82.0
TEVA,2.74,22.62,17.29,54.48,7,-0.75,-150.13,7/20,buy,10.39-22.8,1,1.0
ZK,2.74,32.3,26.36,61.97,5,-1.75,-0.61,5/20,buy,13.0-32.7599,1,1.0
ABSI,2.74,2.98,71.92,12.93,0,-0.08,-0.43,0/20,buy,2.45-6.72,1,56.00000000000001
VEEA,2.75,3.7,25.0,50.07,6,0,0,6/20,,2.135-18.56,1,80.0
AORT,2.77,29.34,6.08,1.96,-6,0.54,17.35,-6/20,buy,16.48-30.45,1,4.0
GB,2.78,6.87,29.8,21.03,7,0,0,7/20,buy,4.1-6.8898,1,0.0
CULP,2.78,5.72,34.22,17.44,0,0.02,-0.24,0/20,strongBuy,4.25-6.85,1,16.0
SAT,2.79,24.5,1.17,1.47,-5,1,1,-5/19,,23.35-25.01,1,2.0
SFIX,2.79,3.99,13.1,0.19,-7,0.36,2.09,-7/20,hold,2.06-6.985,1,43.0
ENIC,2.81,2.95,21.35,15.06,9,0,0,9/20,strongBuy,2.51-3.28,1,10.0
CCL,2.82,25.66,7.0,4.21,-6,0.19,1.04,-6/20,buy,13.78-27.17,1,6.0
WWW,2.83,23.2,2.59,1.11,-5,0.11,0.72,-5/20,buy,7.58-24.64,1,6.0
QTWO,2.83,105.68,7.99,2.16,-6,0.14,0.42,-6/20,buy,39.66-112.82,1,6.0
ECG,2.83,73.61,42.9,21.66,5,0,0,5/20,buy,40.05-73.73,1,0.0
TMO,2.85,527.18,2.96,1.97,-5,0.27,0.05,-5/20,buy,493.3-627.88,1,16.0
ELSE,2.85,5.24,34.48,31.85,6,0,0,6/20,,3.74-5.37,1,2.0
FLGT,2.85,18.68,1.6,6.3,-5,0.91,4.52,-5/20,hold,16.56-30.05,1,38.0
PRSO,2.86,1.19,32.97,64.35,-2,0.8,-0.73,-2/20,buy,0.73-11.2,1,89.0
LFVN,2.89,18.4,43.75,43.05,4,-0.07,-0.33,4/20,buy,5.22-19.06,1,3.0
DJT,2.91,37.03,47.69,32.81,4,0,0,4/20,,11.75-79.38,1,53.0
CANG,2.91,5.2,44.12,61.44,3,-1.61,-2.37,3/20,,0.96-9.66,1,46.0
TWN,2.92,46.72,19.12,15.69,10,0,0,10/20,,33.22-47.24,1,1.0
CSCO,2.92,59.98,5.21,1.92,-5,0.28,0.55,-5/20,hold,44.5-60.23,1,0.0
LANV,2.93,2.01,37.5,48.17,5,0,0,5/20,hold,0.912-3.78,1,47.0
SMAR,2.93,56.03,0.54,0.09,-4,0.28,0.91,-4/20,hold,35.52-56.55,1,1.0
VCEL,2.93,57.67,12.22,0.05,-6,0.12,2.24,-6/20,buy,32.31-61.49,1,6.0
MKZR,2.96,4.2,27.69,46.08,7,0,0,7/20,,1.05-5.5,1,24.0
BSX,2.97,91.45,1.33,1.35,-4,0.08,0.14,-4/20,buy,55.85-91.93,1,1.0
FMX,2.97,87.79,0.34,4.08,-4,1.47,1.25,-4/20,hold,84.49-143.43,1,39.0
SEI,2.97,28.94,10.95,32.53,-1,-0.03,0.35,-1/20,buy,6.59-32.61,1,11.0
KN,2.99,20.18,20.0,7.92,-1,0.0,0.01,-1/20,buy,14.97-20.49,1,2.0
AEVA,2.99,4.78,6.93,3.62,-5,0.65,0.59,-5/20,buy,2.201-7.25,1,34.0
GHM,3.01,44.97,1.34,5.56,-4,0.33,2.22,-4/20,buy,18.15-46.5,1,3.0
AVAL,3.01,2.08,13.95,2.54,-6,0.01,0.02,-6/20,hold,1.94-2.705,1,23.0
BLFS,3.02,27.03,3.43,0.59,-4,0.07,1.08,-4/20,buy,14.5-28.88,1,6.0
GRAL,3.03,19.41,60.49,25.07,3,0,0,3/20,hold,12.33-24.92,1,22.0
SABR,3.03,3.73,15.38,0.11,-6,0.03,0.23,-6/20,hold,1.81-4.625,1,19.0
ROG,3.03,104.06,8.9,2.11,-5,0.22,0.3,-5/20,strongBuy,96.1-135.07,1,23.0
DLB,3.03,78.59,9.48,0.95,-5,0.23,0.37,-5/20,buy,66.35-87.12,1,10.0
STRV,3.04,38.93,3.83,1.39,-4,1,1,-4/20,,30.0-39.34,1,1.0
KLIC,3.04,48.35,3.03,3.73,-4,0.04,0.13,-4/20,hold,38.2-56.71,1,15.0
CSPI,3.04,16.51,81.54,14.44,0,0,0,0/20,,9.07-29.925,1,45.0
NEXA,3.05,8.6,28.64,17.87,9,-0.25,-1.27,9/20,hold,5.1-8.63,1,0.0
CVV,3.06,3.97,47.87,48.4,4,0,0,4/20,,2.7-6.35,1,37.0
SMLR,3.06,69.96,9.26,29.32,0,-0.41,0.21,0/20,,20.88-81.555,1,14.000000000000002
SN,3.06,98.54,4.41,1.72,-4,0.16,0.2,-4/20,buy,45.85-112.93,1,13.0
INV,3.07,12.5,17.23,36.82,10,0,0,10/20,,8.55-18.75,1,33.0
FNA,3.07,10.35,2.91,6.48,-4,0.01,0.02,-4/20,buy,4.65-14.79,1,30.0
DXYZ,3.07,68.0,43.68,96.49,2,0,0,2/20,,7.75-105.0,1,35.0
SYNA,3.07,78.61,10.7,1.3,-5,6.78,9.26,-5/20,buy,67.83-119.26,1,34.0
EEFT,3.07,106.32,4.57,1.99,-4,0.51,0.21,-4/20,buy,91.07-117.66,1,10.0
OSS,3.08,3.4,41.67,68.85,4,-0.29,-5.0,4/20,strongBuy,1.79-4.575,1,26.0
ISRG,3.1,538.83,6.18,0.29,-4,1.29,0.96,-4/20,buy,320.26-556.23,1,3.0
SQNS,3.11,3.3,20.41,28.01,-8,3.09,8.03,-8/20,strongBuy,0.85-7.425,1,56.00000000000001
CXDO,3.13,5.35,5.87,3.77,-4,0.03,0.46,-4/20,buy,2.92-7.59,1,30.0
PMD,3.13,2.0,5.54,5.29,-4,0.46,10.75,-4/19,,1.11-3.93,1,49.0
SAJ,3.14,25.28,1.19,1.42,-3,1,1,-3/20,,24.81-25.6,1,1.0
INFA,3.16,26.98,6.9,4.14,-4,0.05,1.31,-4/20,buy,22.075-39.8,1,32.0
PVH,3.17,108.34,13.45,2.69,-5,1.99,0.85,-5/20,buy,89.56-141.15,1,23.0
LRCX,3.17,73.99,6.5,6.51,-4,0.3,0.4,-4/20,buy,68.87-113.0,1,35.0
EMBC,3.17,20.83,7.53,3.45,-4,0.37,0.84,-4/20,hold,9.925-21.48,1,3.0
OLLI,3.18,119.8,23.73,28.54,10,0.0,0.0,10/20,buy,68.05-120.03,1,0.0
MRCY,3.18,41.99,1.58,4.25,-3,0.39,7.96,-3/20,hold,25.31-44.63,1,6.0
SUPV,3.18,15.52,27.27,52.58,8,-0.04,-0.3,8/20,hold,3.329-16.27,1,5.0
SINT,3.19,4.06,16.09,14.29,-6,5.12,0.97,-6/20,hold,2.01-85.2,1,95.0
CSV,3.2,40.45,9.67,0.37,-4,0.32,0.7,-4/20,strongBuy,22.84-42.13,1,4.0
NWG,3.21,10.26,8.66,3.79,-4,0.11,0.45,-4/20,strongBuy,5.16-10.75,1,5.0
AXP,3.21,303.99,4.24,0.21,-3,1.1,0.34,-3/20,hold,177.81-307.82,1,1.0
QNST,3.22,24.7,5.6,14.02,-4,0.07,0.53,-4/20,buy,11.22-26.27,1,6.0
ETON,3.24,13.57,38.4,12.25,-3,-0.04,4.57,-3/20,strongBuy,3.03-13.98,1,3.0
CTRN,3.24,26.48,48.33,47.6,5,-1.49,-3.05,5/20,buy,13.66-32.9,1,20.0
ABAT,3.25,3.14,10.5,232.22,1,-0.45,-5.61,1/20,buy,0.73-5.07,1,38.0
SRRK,3.26,45.73,54.58,30.63,5,-0.28,-0.53,5/20,buy,6.76-46.185,1,1.0
EQC,3.27,1.76,17.24,39.66,11,0,0,11/20,hold,1.4-21.0,1,92.0
WK,3.28,113.16,22.51,25.01,11,-0.13,-0.55,11/20,buy,65.47-116.83,1,3.0
FWRG,3.29,19.03,6.17,1.85,-3,0.06,0.46,-3/20,buy,12.9-25.98,1,27.0
CIMN,3.3,25.09,1.2,0.35,-2,1,1,-2/20,,24.45-25.85,1,3.0
MFAO,3.3,25.28,1.31,0.51,-2,1,1,-2/20,,24.36-25.85,1,2.0
SYM,3.3,24.82,4.3,8.6,-3,0.88,18.35,-3/20,buy,17.11-54.67,1,55.00000000000001
MEOH,3.31,48.45,11.15,6.78,-4,0.75,1.35,-4/20,strongBuy,36.13-56.43,1,14.000000000000002
PDLB,3.31,12.75,7.23,0.9,-3,0.6,36.19,-3/20,buy,7.89-13.43,1,5.0
BURL,3.32,295.05,0.72,4.03,-2,1.0,1.09,-2/20,buy,174.64-298.89,1,1.0
C,3.33,71.35,13.21,2.89,-4,0.42,0.31,-4/20,buy,50.51-73.38,1,3.0
STM,3.34,25.53,8.12,1.09,-3,0.07,0.19,-3/20,buy,23.96-50.7,1,50.0
CME,3.36,239.21,8.47,2.19,-3,0.06,0.02,-3/20,hold,190.7-249.02,1,4.0
FSK,3.36,21.74,2.81,2.38,-2,0.12,0.16,-2/20,hold,18.31-22.39,1,3.0
CART,3.36,43.72,8.58,1.62,-3,1.75,45.03,-3/20,hold,22.13-50.01,1,13.0
PEGA,3.37,95.6,14.6,2.26,-4,0.28,0.95,-4/20,buy,44.07-97.94,1,2.0
SQ,3.37,91.48,13.18,6.33,-4,0.08,0.1,-4/20,buy,55.0-99.26,1,8.0
LZ,3.37,7.91,3.87,0.1,-2,0.03,0.21,-2/20,hold,5.33-13.74,1,42.0
RLJ,3.38,10.31,8.76,3.18,-3,0.16,3.95,-3/20,buy,8.74-12.39,1,17.0
AIOT,3.39,7.1,27.57,0.45,-6,0.04,2.1,-6/20,buy,2.85-7.38,1,4.0
NL,3.4,8.04,3.73,2.76,-2,0.54,2.44,-2/20,strongSell,5.0-9.42,1,15.0
AMG,3.41,189.47,4.88,1.14,-2,0.05,0.01,-2/20,buy,145.36-199.52,1,5.0
UPWK,3.41,17.0,10.64,1.41,-3,0.07,0.29,-3/20,strongBuy,8.43-18.14,1,6.0
LFT,3.42,2.74,11.41,7.54,3,0.0,0.02,3/20,hold,2.16-2.79,1,2.0
HXL,3.43,63.27,16.81,1.92,-4,0.05,0.09,-4/20,hold,57.5-77.09,1,18.0
MTD,3.44,1245.28,0.14,0.42,-1,5.26,0.64,-1/20,hold,1115.64-1546.93,1,19.0
KLAC,3.45,648.55,10.88,4.51,-3,0.78,0.12,-3/20,hold,542.41-896.32,1,28.000000000000004
H,3.45,159.49,16.83,3.88,-4,0.52,0.5,-4/20,hold,124.4-168.2,1,5.0
PL,3.45,4.52,7.75,30.75,-4,0.02,0.55,-4/20,buy,1.67-4.99,1,9.0
LUNG,3.46,6.88,24.79,16.0,-6,0.16,0.37,-6/20,buy,5.46-14.835,1,54.0
KEN,3.46,32.15,7.76,14.77,-3,1.31,0.57,-3/20,,19.63-32.1706,1,0.0
BA,3.46,180.38,27.86,27.04,11,-4.82,-1.03,11/20,buy,137.03-262.22,1,31.0
RGS,3.47,25.84,15.01,11.5,-4,3.07,2.11,-4/20,,3.87-35.5,1,27.0
SAY,3.47,25.3,1.19,0.19,-1,1,1,-1/20,,24.99-25.62,1,1.0
WMT,3.47,92.79,12.59,1.76,-3,0.21,0.41,-3/20,buy,51.86667-96.18,1,4.0
ATGE,3.47,92.11,11.94,2.91,-3,0.25,0.21,-3/20,strongBuy,43.78-92.93,1,1.0
U,3.49,24.17,17.05,6.98,-4,0.6,6.54,-4/20,hold,13.895-42.795,1,44.0
SKX,3.5,67.92,10.45,10.71,-3,0.59,0.51,-3/20,buy,55.67-75.09,1,10.0
RCUS,3.5,15.83,7.76,1.68,-2,2.73,2.59,-2/20,buy,13.52-20.31,1,22.0
BLZE,3.5,6.43,14.08,0.34,-3,0.03,0.23,-3/20,buy,4.91-12.65,1,49.0
DX,3.51,12.57,2.39,1.34,-1,0.08,0.39,-1/20,buy,11.36-13.13,1,4.0
BRFS,3.52,4.13,14.53,0.53,-3,0.04,0.55,-3/20,strongBuy,2.45-4.87,1,15.0
ELF,3.52,130.9,6.76,6.53,-2,1.06,2.39,-2/20,buy,98.5-221.83,1,41.0
NATL,3.53,35.38,4.72,13.45,-2,0.1,0.13,-2/20,buy,18.415-35.5,1,0.0
MEDP,3.54,342.92,14.78,2.27,-3,2.2,0.87,-3/20,hold,277.72-459.77,1,25.0
SSRM,3.54,6.99,12.64,33.41,2,-0.04,2.08,2/20,hold,3.76-11.02,1,37.0
OWL,3.55,24.02,8.96,2.42,-2,0.02,0.08,-2/20,buy,14.37-25.03,1,4.0
AP,3.55,2.03,14.85,2.94,-3,1.25,4.97,-3/20,,0.74-2.89,1,30.0
SHIM,3.55,3.15,37.04,66.34,-4,-0.47,2.15,-4/20,hold,1.471-7.99,1,61.0
FTNT,3.56,97.29,8.25,5.72,-2,0.27,0.62,-2/20,hold,54.57-100.59,1,3.0
ENTO,3.56,0.63,58.25,67.89,4,-1.93,-1.53,4/20,strongBuy,0.185-9.35,1,93.0
CMPX,3.56,1.52,21.9,0.01,-4,0.02,0.22,-4/20,buy,0.765-2.34,1,35.0
KTOS,3.57,26.75,10.58,0.11,-2,0.09,1.06,-2/20,buy,16.71-28.71,1,7.000000000000001
BBSI,3.57,43.94,9.12,4.49,-2,0.09,0.15,-2/20,strongBuy,27.055-44.39,1,1.0
IOBT,3.57,0.94,27.67,19.04,-6,0.06,0.17,-6/20,strongBuy,0.66-2.098,1,55.00000000000001
RELL,3.58,14.32,10.67,1.14,-2,0.12,6.44,-2/20,buy,8.08-15.51,1,8.0
COEP,3.59,0.21,16.22,37.61,-5,0.02,0.09,-5/20,,0.131-0.822,1,74.0
PHUN,3.59,5.5,26.14,43.12,-7,0.05,0.15,-7/20,strongBuy,2.85-24.5,1,78.0
JAGX,3.61,1.06,27.55,23.39,-6,1.32,0.56,-6/20,buy,0.844-21.6,1,95.0
HTCR,3.63,1.6,53.25,7.95,-3,0.0,0.23,-3/20,strongBuy,0.45-1.89,1,15.0
KTH,3.63,29.01,0.52,1.37,0,1,1,0/19,,27.4-31.71,1,9.0
SAZ,3.64,25.59,1.06,0.88,0,1,1,0/20,,25.01-26.0,1,2.0
ADSK,3.64,300.28,11.06,5.39,-2,0.61,0.43,-2/20,buy,195.32-326.62,1,8.0
LTRX,3.64,4.1,41.78,55.9,8,-0.11,-1.79,8/20,buy,2.49-6.95,1,41.0
KIND,3.64,2.42,12.4,1.57,-2,0.07,0.95,-2/20,hold,1.32-2.995,1,19.0
GIII,3.65,33.14,1.01,19.32,-1,0.56,1.05,-1/20,hold,20.66-36.18,1,8.0
IRBT,3.66,8.06,43.4,23.4,-2,-0.11,1.44,-2/20,hold,5.83-38.96,1,79.0
DXCM,3.67,80.57,12.34,5.51,-2,0.06,0.15,-2/20,buy,62.34-142.0,1,43.0
MGRM,3.67,2.66,68.18,49.41,4,-0.04,-0.33,4/20,strongBuy,1.53-4.9,1,46.0
ENVX,3.69,11.42,12.85,40.61,-4,0.12,0.55,-4/20,buy,5.7-18.68,1,39.0
AVGO,3.69,245.36,43.0,74.52,7,-0.65,-1.26,7/20,buy,104.151-251.88,1,3.0
TENX,3.69,5.73,21.74,13.41,-4,2.44,1.78,-4/20,buy,2.77-27.36,1,79.0
THIR,3.7,26.51,8.57,1.61,-1,1,1,-1/20,,24.89-26.843,1,1.0
FISI,3.7,27.38,2.25,3.29,0,0.95,1.02,0/20,hold,16.29-29.34,1,7.000000000000001
ACAD,3.7,17.37,5.52,11.45,-1,0.08,0.55,-1/20,buy,14.15-31.92,1,46.0
BMI,3.71,219.95,2.68,3.0,0,0.12,0.12,0/20,hold,139.5-239.11,1,8.0
VRME,3.72,0.79,1.88,6.86,0,0.15,1.54,0/20,strongBuy,0.5784-2.45,1,68.0
RKDA,3.72,6.15,32.61,178.63,3,-1.24,-1.08,3/20,strongBuy,1.851-10.31,1,40.0
NWL,3.72,10.19,5.9,11.75,-1,0.15,0.7,-1/20,hold,5.39-11.78,1,13.0
META,3.72,603.35,0.64,9.85,0,1.14,0.22,0/20,buy,340.01-638.4,1,5.0
CDNS,3.73,308.69,20.97,2.76,-3,0.25,0.18,-3/20,buy,241.29-328.99,1,6.0
JKS,3.73,25.56,8.36,23.06,-2,1.43,4.95,-2/20,hold,16.7-38.37,1,33.0
MA,3.73,536.15,3.96,1.23,0,0.16,0.05,0/20,buy,416.53-537.65,1,0.0
SNAL,3.73,1.98,47.56,169.72,1,-0.18,-1.52,1/20,buy,0.52-2.29,1,14.000000000000002
OKTA,3.73,83.02,11.53,14.0,-2,0.2,0.32,-2/20,hold,70.56-114.5,1,27.0
AROC,3.74,24.82,16.25,0.28,-2,0.03,0.17,-2/20,buy,14.39-27.05,1,8.0
WKSP,3.75,0.9,56.22,76.37,5,-0.03,-0.23,5/20,strongBuy,0.36-1.64,1,45.0
PYPL,3.75,88.14,4.01,3.48,0,0.46,0.54,0/20,hold,55.77-93.66,1,6.0
LSTA,3.77,3.13,11.11,19.34,-2,0.3,0.4,-2/20,strongBuy,2.19-3.83,1,18.0
IFS,3.78,29.17,4.13,6.48,0,0.85,0.34,0/20,strongBuy,20.56-30.59,1,5.0
KRC,3.78,41.96,11.87,0.69,-1,0.1,0.27,-1/20,hold,30.71-43.78,1,4.0
BL,3.78,62.49,5.57,1.81,0,1.24,6.03,0/20,hold,43.368-69.31,1,10.0
NOW,3.78,1099.11,3.24,9.16,0,0.57,0.18,0/20,buy,637.99-1157.9,1,5.0
UAL,3.78,100.87,14.95,8.12,-2,0.37,0.1,-2/20,buy,37.02-105.09,1,4.0
ALGM,3.79,22.27,4.28,6.57,0,0.03,0.75,0/20,buy,18.59-33.26,1,33.0
ONTO,3.79,172.45,2.67,11.47,0,0.14,0.12,0/20,buy,134.11-238.93,1,28.000000000000004
HOFV,3.79,0.97,27.03,8.13,-4,0.86,0.3,-4/20,hold,0.811-4.039,1,76.0
DOCU,3.8,95.77,7.1,33.9,-2,4.37,22.02,-2/20,hold,48.7-107.86,1,11.0
CHRS,3.8,1.49,17.65,37.04,-4,0.22,1.36,-4/20,buy,0.66-3.7,1,60.0
VRRM,3.8,24.07,11.46,3.5,-1,0.01,0.06,-1/20,buy,20.26-31.03,1,22.0
AMKR,3.81,26.4,16.71,5.78,-2,0.03,0.17,-2/20,buy,24.1-44.86,1,41.0
FDS,3.81,491.61,0.8,1.27,1,0.21,0.05,1/20,hold,391.84-499.87,1,2.0
CICB,3.82,25.0,1.2,0.99,1,1,1,1/20,,24.81-26.03,1,4.0
ALKT,3.82,39.9,12.07,3.33,-1,0.06,1.32,-1/20,buy,22.62-42.29,1,6.0
MVST,3.82,2.55,23.81,215.05,3,-0.21,-20.91,3/20,buy,0.152-2.65,1,4.0
ASO,3.82,61.17,37.01,36.58,11,-0.89,-0.72,11/20,hold,44.73-75.73,1,19.0
GDDY,3.83,206.2,5.62,6.93,0,4.62,4.23,0/20,hold,99.9-211.11,1,2.0
STKL,3.85,7.88,7.79,1.85,0,0.02,2.92,0/20,buy,4.88-8.11,1,3.0
DVAX,3.85,13.03,2.34,1.56,1,0.01,0.19,1/20,strongBuy,9.74-15.01,1,13.0
BMRN,3.86,67.02,13.19,4.32,-1,0.48,0.76,-1/20,buy,61.15-99.25,1,32.0
LPLA,3.86,335.91,1.18,5.06,1,0.6,0.16,1/20,buy,187.19-336.4,1,0.0
WAY,3.86,38.17,32.57,35.75,12,0,0,12/20,buy,20.26-38.345,1,0.0
CRI,3.87,55.86,14.07,2.83,-1,0.5,0.71,-1/20,hold,50.27-88.03,1,37.0
LNSR,3.87,8.37,3.9,15.91,0,0.21,0.82,0/20,buy,2.67-9.23,1,9.0
BSAC,3.88,18.96,9.52,0.12,0,0.1,0.2,0/20,hold,17.73-21.43,1,12.0
TDG,3.88,1301.23,7.34,6.75,0,1.04,0.12,0/20,buy,972.08-1451.32,1,10.0
FIVN,3.88,42.38,8.45,3.31,0,0.59,1.91,0/20,buy,26.6-81.24,1,48.0
GILD,3.89,94.41,8.19,4.93,0,0.88,0.56,0/20,hold,62.07-98.9,1,5.0
DKL,3.89,40.95,3.0,3.65,1,0.6,0.74,1/20,buy,37.02-47.67,1,14.000000000000002
TLS,3.89,3.47,8.31,5.15,0,0.2,1.42,0/20,buy,1.89-5.03,1,31.0
SMTC,3.9,65.67,20.12,4.96,-2,0.05,0.28,-2/20,buy,18.16-70.27,1,7.000000000000001
ADEA,3.91,13.92,16.78,23.97,4,-0.04,12.33,4/20,strongBuy,9.6801-14.75,1,6.0
VNO,3.92,42.65,4.91,0.82,1,0.28,2.66,1/20,hold,22.42-46.63,1,9.0
COCO,3.92,36.34,4.09,3.33,1,0.15,0.5,1/20,buy,19.41-37.875,1,4.0
PFE,3.92,26.56,3.37,4.83,1,0.59,1.03,1/20,hold,24.48-31.54,1,16.0
ALTS,3.92,4.33,27.03,111.18,9,0,0,9/20,,0.5-5.26,1,18.0
CNC,3.92,60.91,3.95,3.03,1,1.49,0.86,1/20,hold,55.03-81.42,1,25.0
BRC,3.93,75.64,10.75,1.58,0,0.1,0.09,0/20,buy,56.09-77.68,1,3.0
ADUS,3.93,130.18,7.36,11.56,0,0.17,0.14,0/20,buy,85.94-136.12,1,4.0
SHOC,3.93,47.66,2.21,9.85,1,1,1,1/20,,36.611-54.67,1,13.0
ARTL,3.93,1.05,27.27,4.38,-3,1.53,0.92,-3/20,strongBuy,0.91-1.75,1,40.0
LUNR,3.93,19.08,5.15,53.32,-2,0.73,28.23,-2/20,buy,2.089-19.29,1,1.0
STIM,3.94,1.42,65.22,68.5,5,-0.27,-1.14,5/20,strongBuy,0.52-5.07,1,72.0
RACE,3.94,431.74,11.5,0.38,0,0.82,0.42,0/20,buy,330.155-498.23,1,13.0
SIBN,3.95,13.84,15.25,7.7,-1,0.14,0.53,-1/20,buy,11.7-21.64,1,36.0
TASK,3.95,17.03,4.0,23.95,0,0.09,0.46,0/20,hold,10.56-19.6,1,13.0
ZM,3.96,85.44,0.36,0.73,2,0.95,1.5,2/20,hold,55.06-92.8,1,8.0
COHR,3.96,99.6,34.04,4.01,-4,0.18,0.58,-4/20,buy,40.12-113.6,1,12.0
AVTR,3.97,21.48,5.7,3.62,1,0.03,0.1,1/20,buy,19.59-28.0,1,23.0
AGYS,3.97,138.09,16.27,6.27,-1,0.28,2.04,-1/20,buy,73.52-142.64,1,3.0
TGLS,3.98,82.58,16.52,6.25,-1,0.11,0.12,-1/20,buy,40.94-86.08,1,4.0
MSS,3.98,1.16,63.83,41.9,7,0,0,7/20,,0.601-1.98,1,41.0
RSKD,3.98,4.83,12.47,1.54,0,0.02,0.89,0/20,hold,4.14-6.645,1,27.0
MSCI,3.98,610.97,6.42,1.72,1,0.18,0.05,1/20,hold,439.95-642.45,1,5.0
UTI,3.99,26.53,17.79,4.2,-1,0.06,0.52,-1/20,buy,12.14-26.71,1,1.0
BBWI,3.99,38.2,3.88,10.68,1,0.52,1.51,1/20,hold,26.21-52.99,1,28.000000000000004
NRGV,3.99,2.06,17.05,24.04,-2,0.04,0.38,-2/20,buy,0.78-2.53,1,19.0
CCLD,4.01,3.86,82.95,50.08,-3,0.39,-0.17,-3/20,buy,1.01-4.84,1,20.0
HPE,4.01,22.03,4.24,11.61,1,0.21,0.17,1/20,hold,14.465-24.24,1,9.0
CXM,4.02,8.79,10.42,11.43,0,0.04,0.75,0/20,hold,6.91-14.315,1,39.0
ANF,4.02,155.34,22.82,9.14,-2,0.68,0.32,-2/20,hold,86.91-196.99,1,21.0
EVLV,4.03,4.02,41.19,7.26,-5,0.18,1.32,-5/20,buy,2.01-5.73,1,30.0
RAMP,4.03,31.05,1.89,3.68,2,0.26,0.96,2/20,buy,21.45-42.66,1,27.0
EDR,4.03,31.23,3.95,4.9,8,-0.04,0.14,8/20,hold,22.75-31.42,1,1.0
BBVA,4.04,9.77,6.18,8.97,1,0.06,0.13,1/20,hold,8.63-12.2,1,20.0
SWIM,4.05,7.34,8.56,20.49,0,0.12,3.49,0/20,buy,2.11-8.41,1,13.0
TDC,4.05,32.18,7.48,6.53,1,0.29,0.56,1/20,buy,24.02-49.44,1,35.0
SPT,4.05,31.95,2.81,2.56,2,0.02,0.23,2/20,hold,25.053-68.41,1,53.0
VRSN,4.06,202.73,1.05,9.37,2,0.15,0.08,2/20,hold,167.05-208.04,1,3.0
PAM,4.08,88.11,13.79,7.77,0,6.85,5.3,0/20,buy,38.15-93.11,1,5.0
SITM,4.09,225.6,16.45,17.73,-1,0.22,2.63,-1/20,strongBuy,72.39-268.18,1,16.0
INTU,4.09,646.19,4.18,2.95,2,0.28,0.13,2/20,buy,557.29-714.78,1,10.0
EMKR,4.1,3.06,9.84,4.31,1,0.17,0.62,1/20,hold,0.78-7.2,1,57.99999999999999
MXCT,4.1,4.07,14.39,25.54,-1,0.05,0.41,-1/20,buy,3.165-5.545,1,27.0
MRAM,4.1,6.55,18.99,11.92,-1,0.21,18.77,-1/20,strongBuy,4.89-9.4,1,30.0
NOTV,4.1,4.86,92.97,70.89,1,-2.74,-21.39,1/20,buy,1.23-11.42,1,56.99999999999999
BLK,4.11,1054.28,9.86,5.48,1,4.28,0.44,1/20,buy,745.55-1082.45,1,3.0
NFLX,4.12,924.14,14.8,8.52,0,0.42,0.08,0/20,buy,461.86-941.75,1,2.0
CX,4.13,5.7,15.49,7.97,0,0.01,0.14,0/20,strongBuy,5.0-9.27,1,39.0
SCVL,4.13,36.38,13.39,14.04,0,0.12,0.19,0/20,buy,24.94-46.92,1,22.0
EAT,4.13,137.11,9.42,8.51,1,0.15,0.32,1/20,hold,37.25-137.86,1,1.0
TKO,4.14,144.74,4.08,7.87,2,0.48,2.76,2/20,buy,75.35-149.4,1,3.0
NTRP,4.14,5.18,60.0,104.51,5,0,0,5/20,hold,1.385-6.8097,1,24.0
PGRE,4.14,4.91,6.25,1.26,2,0.02,0.28,2/20,hold,4.212-5.47,1,10.0
IONQ,4.14,48.24,68.31,79.36,5,-0.2,-1.75,5/20,buy,6.22-48.56,1,1.0
MITP,4.15,25.04,1.2,0.66,3,1,1,3/20,,24.6-25.8,1,3.0
CNDT,4.15,4.26,22.33,24.11,-2,0.55,2.83,-2/20,buy,2.96-4.59,1,7.000000000000001
DCTH,4.16,11.97,20.73,12.75,-1,0.24,1.86,-1/20,buy,3.7-13.301,1,10.0
AOMN,4.16,25.35,1.19,1.46,3,1,1,3/20,,24.0-26.1,1,3.0
SWKS,4.18,90.42,5.32,7.95,2,0.03,0.01,2/20,hold,82.13-120.86,1,25.0
ZEO,4.18,2.6,47.24,181.57,3,0,0,3/20,,1.051-11.6,1,78.0
WDAY,4.18,269.38,16.39,10.46,0,0.23,0.14,0/20,buy,199.81-311.28,1,13.0
DAVE,4.19,100.55,30.4,21.44,-3,0.92,1.54,-3/20,buy,7.73-108.496,1,7.000000000000001
YUMC,4.19,49.79,4.94,10.42,2,0.52,0.89,2/20,buy,28.5-52.0,1,4.0
BEAM,4.19,28.7,4.62,11.5,2,0.02,0.02,2/20,hold,20.84-49.5,1,42.0
OSPN,4.19,18.96,17.75,7.34,0,1.12,8.68,0/20,hold,9.22-19.58,1,3.0
JEF,4.2,79.8,7.98,2.16,2,0.02,0.03,2/20,buy,38.77-82.04,1,3.0
VIAV,4.2,10.35,17.65,8.25,0,0.01,0.14,0/20,hold,6.6-11.49,1,10.0
CURV,4.21,5.32,67.9,53.56,7,-0.03,-1.28,7/20,hold,2.18-9.14,1,42.0
APEI,4.21,22.32,4.29,14.33,2,0.05,0.38,2/20,hold,9.26-23.84,1,6.0
PTON,4.22,10.27,34.59,12.28,-3,0.24,1.54,-3/20,hold,2.7-10.895,1,6.0
STXG,4.22,44.93,8.07,4.66,2,1,1,2/20,,33.019-45.32,1,1.0
BELFB,4.23,84.41,6.1,11.5,2,0.92,1.1,2/20,buy,45.75-92.61,1,9.0
MSB,4.23,28.6,19.0,7.51,0,0.06,0.02,0/20,,15.93-29.72,1,4.0
XERS,4.23,3.5,25.94,3.64,-1,0.01,0.15,-1/20,buy,1.69-3.87,1,10.0
WH,4.24,101.94,7.71,7.82,2,0.1,0.1,2/20,buy,67.67-105.16,1,3.0
CRWD,4.24,365.08,7.2,9.01,2,0.19,0.23,2/20,buy,200.81-398.327,1,8.0
ICL,4.24,4.84,12.42,10.17,1,0.08,1.14,1/20,hold,3.79-5.539,1,13.0
FRSH,4.24,16.06,20.64,3.15,0,0.05,0.76,0/20,hold,10.81-24.15,1,33.0
BOLD,4.26,2.65,23.44,14.97,-1,0.12,0.15,-1/20,buy,2.33-15.24,1,83.0
INN,4.27,6.96,13.51,10.92,1,0.04,0.51,1/20,hold,5.66-7.22,1,4.0
IVDA,4.29,3.84,32.97,149.05,8,0.0,0.0,8/20,,1.27-10.16,1,62.0
WINN,4.3,28.19,15.66,7.48,1,1,1,1/20,,20.047-28.43,1,1.0
LC,4.3,17.27,26.68,8.9,-1,0.15,3.09,-1/20,buy,7.48-18.75,1,8.0
MNPR,4.3,25.34,108.84,44.49,1,-0.8,-0.55,1/20,buy,1.545-38.5,1,34.0
DOCS,4.31,58.42,7.72,14.87,2,0.25,1.29,2/20,hold,22.96-61.75,1,5.0
UI,4.32,354.14,29.77,1.6,-1,0.51,0.31,-1/20,strongBuy,104.24-366.34,1,3.0
LNTH,4.32,93.25,11.18,5.48,2,0.89,0.85,2/20,buy,50.2-126.89,1,27.0
NPCE,4.32,11.35,24.13,18.44,-1,0.25,0.9,-1/20,buy,5.45-18.15,1,37.0
GXAI,4.33,3.58,48.1,264.48,-1,0,0,-1/20,,1.01-19.2,1,81.0
RM,4.33,34.63,32.54,19.6,4,0.0,0.23,4/20,hold,20.5-35.24,1,2.0
SERV,4.34,17.64,45.76,132.95,7,0,0,7/20,buy,1.77-30.0,1,41.0
BRZE,4.34,44.1,12.35,21.28,1,0.34,9.5,1/20,buy,29.18-61.53,1,28.000000000000004
ASC,4.35,11.97,5.31,8.43,3,0.07,0.07,3/20,buy,10.86-23.44,1,49.0
TZOO,4.36,22.12,15.38,14.51,1,0.05,0.25,1/20,buy,7.12-22.44,1,1.0
LOAN,4.36,5.7,11.01,9.88,2,0.02,0.17,2/20,hold,4.6-5.9,1,3.0
CHEF,4.36,48.76,3.7,14.64,3,0.2,1.68,3/20,buy,27.64-49.78,1,2.0
RNXT,4.37,1.28,23.81,7.64,0,0.03,0.26,0/20,buy,0.774-2.35,1,46.0
HRTX,4.37,1.6,17.14,62.43,-2,0.1,0.81,-2/20,buy,1.04-3.93,1,59.0
AMST,4.37,4.72,54.55,126.76,6,0,0,6/20,,1.85-6.273,1,25.0
TWLO,4.38,111.49,16.21,13.3,1,0.33,0.43,1/20,hold,52.51-116.43,1,4.0
FIVE,4.39,112.48,4.62,31.91,2,0.09,0.61,2/20,hold,64.87-216.18,1,48.0
LFLY,4.4,1.68,20.41,20.72,0,0.35,0.46,0/20,buy,1.1-5.1,1,67.0
CROX,4.41,112.95,17.9,11.42,1,2.6,0.94,1/20,buy,85.71-165.32,1,32.0
XPEV,4.41,13.26,21.28,19.3,0,0.1,0.06,0/20,buy,6.551-15.679,1,15.0
CHWY,4.41,34.03,8.59,4.59,3,0.81,30.6,3/20,hold,14.685-39.1,1,13.0
PSTX,4.41,9.51,3.18,3.05,4,0.74,1.75,4/20,hold,1.87-9.58,1,1.0
LQDT,4.41,32.57,18.19,45.68,-1,0.19,0.92,-1/20,strongBuy,13.99-36.0,1,10.0
SERA,4.42,8.1,4.45,35.71,2,0.04,0.08,2/20,buy,4.9-12.355,1,34.0
PRM,4.44,13.3,13.89,9.19,2,0.19,8.05,2/20,strongBuy,3.88-14.44,1,8.0
OBDE,4.44,15.19,4.03,4.16,4,0.01,0.03,4/20,buy,13.6-16.8,1,10.0
MSFT,4.45,438.11,3.81,5.75,4,0.62,0.21,4/20,buy,366.5-468.35,1,6.0
GCI,4.47,5.09,35.09,0.56,-1,0.11,2.03,-1/20,strongBuy,1.95-5.93,1,14.000000000000002
CALM,4.47,102.07,15.28,8.48,2,0.14,0.09,2/20,buy,53.02-114.06,1,11.0
IPWR,4.47,7.5,4.75,39.51,2,0.09,0.21,2/20,,5.61-13.98,1,46.0
AIFD,4.47,30.39,20.62,9.24,1,1,1,1/20,,22.25-31.159,1,2.0
ALXO,4.48,1.69,19.35,31.97,0,0.16,0.23,0/20,buy,1.19-17.825,1,91.0
YMM,4.48,11.13,11.74,19.66,2,0.14,0.13,2/20,buy,5.7-12.47,1,11.0
ESQ,4.49,79.97,6.08,3.28,4,0.24,0.19,4/20,strongBuy,44.45-80.89,1,1.0
ADPT,4.5,6.44,23.47,21.55,0,0.2,0.66,0/20,strongBuy,2.28-7.067,1,9.0
TSM,4.5,203.06,18.36,18.97,1,0.55,0.34,1/20,buy,98.8-212.6,1,4.0
SKIN,4.5,1.57,20.41,12.92,1,0.16,9.14,1/20,hold,0.91-5.17,1,70.0
OSIS,4.5,177.17,12.19,2.73,3,0.4,0.38,3/20,buy,120.42-189.13,1,6.0
CEVA,4.52,33.18,18.43,21.46,1,0.18,5.66,1/20,buy,16.02-33.44,1,1.0
CTLP,4.52,9.76,9.25,13.58,3,0.01,0.43,3/20,buy,5.75-10.48,1,7.000000000000001
BRLT,4.53,2.03,15.08,14.55,2,0.05,13.78,2/20,hold,1.52-3.81,1,47.0
HOOD,4.53,40.38,38.54,14.23,-2,0.04,0.16,-2/20,hold,10.38-43.83,1,8.0
VMEO,4.54,6.98,17.78,7.27,2,0.09,9.0,2/20,hold,3.43-7.9,1,12.0
TBN,4.54,18.59,23.93,6.45,1,0.04,0.08,1/20,buy,15.75-25.99,1,28.000000000000004
EZFL,4.54,3.69,87.14,81.32,4,0,0,4/20,,2.19-7.55,1,51.0
CLFD,4.54,31.58,23.08,9.42,1,0.4,1.57,1/20,strongBuy,24.78-44.83,1,30.0
NET,4.55,112.61,13.89,20.97,2,0.08,0.52,2/20,hold,66.24-119.42,1,6.0
SOFI,4.56,16.6,53.97,6.2,-4,0.02,0.78,-4/20,hold,6.01-17.19,1,3.0
MBLY,4.57,19.47,10.6,14.71,3,0.01,0.18,3/20,buy,10.48-44.48,1,56.00000000000001
IMMR,4.57,9.19,18.5,8.46,2,2.7,14.67,2/20,strongBuy,6.54-13.94,1,34.0
INTA,4.59,68.0,26.93,20.03,0,0.11,0.82,0/20,buy,30.36-71.34,1,5.0
ADCT,4.59,2.12,45.92,32.78,-4,0.05,0.1,-4/20,buy,1.45-6.04,1,65.0
NXGL,4.59,4.79,71.43,63.6,8,-0.02,-0.14,8/20,strongBuy,1.84-5.1,1,6.0
SNCY,4.61,15.15,14.0,8.79,3,0.02,0.43,3/20,buy,9.22-16.34,1,7.000000000000001
YELP,4.62,39.7,20.83,6.92,2,1.15,4.84,2/20,hold,32.56-47.57,1,17.0
FNKO,4.62,13.26,21.02,23.84,1,0.34,4.01,1/20,buy,5.36-13.4,1,1.0
V,4.63,320.91,4.87,3.23,5,0.13,0.05,5/20,buy,252.7-321.62,1,0.0
RBLX,4.63,59.93,18.64,32.04,1,0.07,0.2,1/20,buy,29.55-61.77,1,3.0
LPTH,4.64,3.1,47.37,106.37,10,-0.01,-0.2,10/20,buy,1.04-3.49,1,11.0
AI,4.64,37.32,21.15,7.64,2,0.18,1.26,2/20,hold,18.85-45.08,1,17.0
SEIC,4.64,84.53,10.7,4.28,4,0.13,0.12,4/20,hold,61.58-87.25,1,3.0
AADI,4.64,3.1,25.64,64.6,-2,0.23,0.39,-2/20,hold,1.21-3.6,1,14.000000000000002
CCAP,4.65,19.9,10.55,5.57,4,0.08,0.13,4/20,buy,15.91-20.03,1,1.0
GOOS,4.65,10.11,3.05,10.73,5,0.21,8.05,5/20,hold,9.229-14.75,1,31.0
APP,4.65,346.73,43.0,13.01,-2,0.15,0.12,-2/20,buy,37.4-417.635,1,17.0
M,4.66,18.1,28.99,20.97,0,0.74,14.04,0/20,hold,14.06-22.1,1,18.0
BOOT,4.67,155.76,11.7,22.15,3,0.17,0.16,3/20,buy,68.37-169.83,1,8.0
AMZN,4.68,227.05,31.35,16.03,0,0.52,0.48,0/20,buy,144.05-233.0,1,3.0
TBB,4.69,24.27,1.27,2.96,6,1,1,6/20,,22.15-24.9,1,3.0
SWI,4.7,14.45,20.69,15.63,2,0.1,0.58,2/20,hold,10.14-14.94,1,3.0
TTMI,4.73,25.64,17.76,9.98,3,0.05,0.15,3/20,buy,13.43-28.0,1,8.0
NVEC,4.74,84.39,16.45,14.87,3,0.04,0.07,3/20,,69.86-90.24,1,6.0
LGTY,4.74,11.3,34.19,13.88,0,0.06,0.83,0/20,buy,8.41-12.3,1,8.0
LPCN,4.75,4.72,29.41,11.83,1,0.26,0.37,1/20,buy,2.44-11.79,1,60.0
MRKR,4.76,3.37,26.39,22.17,1,0.13,0.33,1/20,buy,2.44-6.16,1,45.0
GME,4.76,32.99,23.3,13.59,2,0.24,8.68,2/20,sell,9.95-64.83,1,49.0
LULU,4.76,385.82,17.21,32.07,2,0.38,0.13,2/20,buy,226.01-516.39,1,25.0
RSSS,4.77,4.03,7.5,27.65,4,0.01,1.56,4/20,strongBuy,2.38-4.19,1,4.0
CIEN,4.8,88.44,23.85,41.47,7,-0.02,0.17,7/20,hold,43.3-91.82,1,4.0
BFH,4.8,63.32,36.09,14.74,0,0.91,0.57,0/20,hold,28.0-66.71,1,5.0
XGN,4.8,5.04,23.56,51.98,0,0.19,0.56,0/20,buy,1.3-6.22,1,19.0
SONY,4.81,21.18,19.98,11.43,3,0.15,0.64,3/20,buy,15.022-22.71,1,7.000000000000001
FFIV,4.81,257.12,10.77,4.56,5,1.61,0.68,5/20,hold,159.01-264.5,1,3.0
AAL,4.85,17.35,15.44,29.14,3,0.17,0.85,3/20,hold,9.07-18.2,1,5.0
AMPL,4.85,11.13,21.49,11.07,3,0.09,6.37,3/20,hold,7.37-14.42,1,23.0
RNAC,4.85,19.88,52.05,24.0,-3,0.13,0.23,-3/20,buy,11.665-41.87,1,53.0
CMRX,4.86,3.22,10.2,362.77,3,-0.12,-0.53,3/20,buy,0.75-3.39,1,5.0
EGAN,4.89,6.19,21.02,33.45,2,0.26,18.23,2/20,strongBuy,4.71-8.51,1,27.0
CAPL,4.89,21.9,16.63,11.66,4,0.17,3.83,4/20,hold,18.43-24.19,1,9.0
EW,4.9,75.92,6.5,8.72,6,4.58,8.55,6/20,hold,58.93-96.12,1,21.0
APRE,4.91,3.37,48.23,23.83,-2,0.13,0.18,-2/20,strongBuy,2.15-8.847,1,62.0
DRMA,4.91,1.36,36.27,42.3,-1,0.21,0.12,-1/20,strongBuy,1.0-13.35,1,90.0
DKS,4.91,235.05,16.13,16.04,4,0.57,0.16,4/20,hold,137.06-239.3,1,2.0
ATEN,4.91,18.81,16.39,15.28,4,0.11,0.71,4/20,buy,12.27-19.37,1,3.0
NOK,4.93,4.47,6.82,10.51,6,0.01,0.27,6/20,hold,3.29-4.95,1,10.0
BKKT,4.94,30.41,25.04,27.16,2,0.71,0.32,2/20,strongBuy,5.573-68.75,1,56.00000000000001
GOOGL,4.95,195.6,14.78,23.87,4,0.31,0.17,4/20,buy,130.67-201.42,1,3.0
PYCR,4.97,19.33,19.92,10.56,4,0.04,0.48,4/20,hold,10.92-21.99,1,12.0
SONO,4.97,14.91,18.53,14.72,4,0.06,0.35,4/20,buy,10.23-19.76,1,25.0
SLRX,4.97,1.66,20.0,27.98,3,174.96,3.26,3/20,strongBuy,1.22-7.2,1,77.0
DECK,4.98,209.43,18.93,14.38,4,1.72,2.49,4/20,buy,108.64833-214.7,1,2.0
SHC,4.98,13.51,16.03,5.21,5,0.02,0.08,5/20,hold,10.71-17.44,1,23.0
CLPT,5.0,16.48,29.67,53.63,0,0.01,0.09,0/20,buy,5.11-17.47,1,6.0
MPWR,5.0,619.83,12.92,16.91,5,0.19,0.06,5/20,buy,546.71-959.64,1,35.0
FWONA,5.01,85.97,9.91,9.57,6,0.29,1.48,6/20,buy,55.86-87.42,1,2.0
AS,5.02,28.79,13.25,17.58,5,0.15,2.25,5/20,buy,10.11-29.43,1,2.0
DAO,5.04,7.2,19.38,19.14,4,0.58,1.49,4/20,buy,2.86-8.01,1,10.0
FWONK,5.05,95.26,10.45,11.62,6,0.51,5.72,6/20,buy,61.44-96.895,1,2.0
NAPA,5.06,11.09,2.71,1.66,8,0.04,0.4,8/19,hold,5.38-11.11,1,0.0
WSM,5.06,187.63,21.29,15.21,4,0.32,0.19,4/20,hold,95.765-199.42,1,6.0
LCID,5.07,3.3,79.47,71.33,9,-0.01,-0.05,9/20,hold,1.93-4.43,1,26.0
AVXL,5.07,12.56,28.92,63.67,0,0.07,0.4,0/20,buy,3.25-14.4405,1,13.0
BLIN,5.07,1.45,22.73,46.91,2,0.06,2.0,2/20,strongBuy,0.75-1.95,1,26.0
PCRX,5.09,19.81,34.77,30.18,1,0.28,0.39,1/20,hold,11.16-35.95,1,45.0
FSLY,5.09,10.13,30.06,44.08,1,0.06,1.5,1/20,hold,5.52-25.87,1,61.0
HCP,5.1,34.18,3.57,2.81,8,0.16,45.35,8/20,hold,20.89-34.33,1,0.0
VVOS,5.1,4.76,8.82,57.45,4,0.75,0.86,4/20,buy,1.91-12.831,1,63.0
VCSA,5.11,3.9,47.24,12.67,0,0.86,1.01,0/20,hold,2.07-11.7,1,67.0
MXL,5.13,21.01,96.46,61.61,7,-0.1,-0.47,7/20,hold,11.08-26.59,1,21.0
ALGT,5.13,91.41,22.15,20.04,4,0.42,0.45,4/20,hold,36.09-94.45,1,3.0
XPER,5.14,10.35,13.99,10.62,6,1.08,7.83,6/20,buy,6.89-12.29,1,16.0
VTMX,5.14,26.25,11.47,18.34,6,1.78,4.51,6/20,strongBuy,23.32-41.44,1,37.0
SMWB,5.14,14.67,20.6,25.85,4,0.13,4.68,4/20,buy,5.06-14.84,1,1.0
SIDU,5.14,4.69,45.11,373.04,-2,0,0,-2/20,,1.15-18.85,1,75.0
DSGN,5.15,6.49,46.8,17.45,0,0.24,0.96,0/20,hold,2.245-7.77,1,16.0
SABS,5.17,4.18,15.58,78.97,2,0.33,0.28,2/20,buy,2.16-7.07,1,41.0
YPF,5.18,43.06,20.19,13.89,5,3.27,3.64,5/20,hold,14.53-45.97,1,6.0
SBBA,5.18,25.11,1.06,1.55,9,1,1,9/20,,24.89-25.45,1,1.0
ULTA,5.18,446.21,9.44,28.44,6,1.29,0.27,6/20,hold,318.17-574.76,1,22.0
IZTC,5.21,20.52,77.13,74.91,10,0,0,10/20,,8.5-21.71,1,5.0
CCB,5.21,84.6,20.63,15.35,5,0.06,0.07,5/20,buy,35.67-86.27,1,2.0
SHCO,5.21,7.47,5.95,76.94,4,0.01,0.75,4/20,buy,4.35-8.09,1,8.0
PSTG,5.22,65.4,25.16,37.99,3,0.15,0.38,3/20,buy,34.32-70.41,1,7.000000000000001
CALX,5.23,35.63,26.59,16.83,4,0.07,0.84,4/20,buy,26.76-45.15,1,21.0
ASAN,5.25,22.73,11.9,80.33,3,0.17,1.61,3/20,hold,11.045-27.77,1,18.0
OLO,5.26,7.81,34.97,12.33,3,0.13,2.73,3/20,hold,4.2-8.18,1,5.0
EDN,5.27,44.69,30.4,26.98,3,6.26,785.8,3/20,buy,13.78-51.69,1,14.000000000000002
APTV,5.31,60.07,19.06,12.65,6,0.33,0.21,6/20,buy,51.47-91.66,1,34.0
FORM,5.32,47.07,31.1,29.92,3,0.08,0.23,3/20,hold,37.21-63.63,1,26.0
VRAR,5.34,3.3,12.91,333.96,7,-0.15,-1.88,7/20,buy,0.503-7.0,1,53.0
TH,5.35,9.73,16.03,26.35,6,0.32,2.43,6/20,hold,6.11-11.84,1,18.0
HLIT,5.35,13.7,14.03,14.07,7,0.08,1.26,7/20,buy,9.1-15.46,1,11.0
ALTR,5.35,109.1,5.41,5.48,9,0.09,0.53,9/20,hold,75.71-113.12,1,4.0
WRBY,5.39,25.03,3.83,14.77,9,0.03,0.64,9/20,buy,11.35-25.89,1,3.0
AXGN,5.42,16.73,34.76,29.22,3,0.15,5.86,3/20,buy,5.55-17.23,1,3.0
JUNS,5.43,11.43,98.82,172.1,2,0,0,2/17,buy,3.86-19.51,1,41.0
BNTC,5.48,12.0,45.31,38.37,1,0.07,0.13,1/20,buy,2.69-13.29,1,10.0
MRVL,5.52,115.71,49.87,46.31,0,0.03,0.08,0/20,buy,53.19-126.15,1,8.0
DXPE,5.67,83.32,28.35,21.39,6,1.21,1.35,6/20,buy,30.08-83.4,1,0.0
URBN,5.68,55.71,38.83,26.15,4,1.21,1.5,4/20,hold,33.86-56.06,1,1.0
TNDM,5.69,37.37,31.96,30.66,5,0.1,0.22,5/20,buy,21.85-53.69,1,30.0
KOD,5.73,10.9,24.69,91.19,3,0.59,0.59,3/20,hold,2.19-11.6,1,6.0
AISP,5.73,5.76,106.64,144.45,4,0,0,4/20,strongBuy,1.34-14.319,1,60.0
WEAV,5.74,16.08,13.12,22.59,9,0.11,9.1,9/20,buy,8.1-16.56,1,3.0
PHR,5.78,25.76,26.23,39.38,6,0.38,3.93,6/20,buy,17.07-29.155,1,12.0
OPOF,5.78,25.04,20.84,21.01,8,0.14,0.99,8/20,,13.49-25.5,1,2.0
NTGR,5.79,29.03,17.84,30.78,8,0.04,4.45,8/20,strongBuy,10.48-31.55,1,8.0
DBX,5.79,30.75,34.46,15.44,6,0.5,1.5,6/20,hold,20.68-33.43,1,8.0
APPS,5.81,2.01,20.83,58.41,6,0.04,1.02,6/20,hold,1.18-7.3,1,72.0
GCO,5.82,42.84,46.4,35.67,3,0.61,1.32,3/20,hold,23.21-44.8,1,4.0
SNES,5.83,3.13,19.29,65.36,6,1.25,0.39,6/20,strongBuy,1.9-17.8,1,82.0
FULC,5.84,4.84,23.38,36.76,7,0.74,12.34,7/20,hold,2.86-13.7,1,65.0
NRDY,5.85,1.75,39.22,42.29,4,0.23,1.83,4/20,hold,0.727-3.6,1,51.0
OPTX,5.88,3.45,32.61,363.98,5,0,0,5/20,,0.845-8.39,1,59.0
CRNC,5.91,8.72,56.71,48.65,1,0.47,6.15,1/20,hold,2.34-21.665,1,60.0
CLNN,5.91,5.08,43.9,34.78,4,0.29,0.22,4/20,strongBuy,3.82-11.0,1,54.0
RENB,5.92,0.91,151.9,98.02,0,0,0,0/20,,0.395-5.25,1,83.0
ANET,5.94,114.86,31.64,21.79,7,0.12,0.24,7/20,buy,56.65-116.94,1,2.0
CLS,5.97,98.25,30.62,28.0,7,0.19,0.23,7/20,buy,26.62-100.51,1,2.0
PLTR,5.99,82.14,28.55,36.44,7,0.02,0.21,7/20,hold,15.664-84.797,1,3.0
TAC,6.08,14.25,18.42,40.99,9,0.07,2.33,9/20,strongBuy,5.94-14.64,1,3.0
RKLB,6.08,28.44,65.65,21.61,2,0.03,0.43,2/20,buy,3.47-28.8,1,1.0
MMKT,6.18,100.53,0.45,0.54,15,1,1,15/20,,100.005-100.5367,1,0.0
AKYA,6.18,2.46,62.24,24.95,3,0.02,0.13,3/20,hold,1.88-6.31,1,61.0
RBRK,6.22,68.38,47.64,55.19,4,0.19,0.47,4/20,buy,28.34-75.79,1,10.0
SRFM,6.35,5.49,90.63,96.51,-5,1.21,0.46,-5/20,strongBuy,0.9-11.83,1,54.0
AOUT,6.4,15.4,29.12,76.72,7,0.68,28.91,7/20,strongBuy,7.45-15.995,1,4.0
BIRK,6.45,60.24,17.76,28.24,12,0.06,0.41,12/20,buy,41.0-64.78,1,7.000000000000001
XFOR,6.46,0.81,30.85,146.75,3,0.12,58.65,3/20,buy,0.261-1.6,1,50.0
OB,6.47,7.47,22.1,51.99,10,0.29,5.64,10/20,strongBuy,3.42-7.87,1,5.0
AXTI,6.47,2.28,67.26,21.61,4,0.17,2.27,4/20,buy,1.73-5.64,1,60.0
AIP,6.47,10.61,44.38,37.58,7,0.07,0.52,7/20,buy,4.831-10.695,1,1.0
AAPL,6.5,259.02,17.89,15.57,13,0.23,0.17,13/20,buy,164.08-260.09,1,0.0
ICCC,6.54,4.75,91.11,44.53,-1,0.22,4.5,-1/20,,3.34-5.82,1,18.0
CGTX,6.54,0.77,26.61,115.75,6,0.01,0.06,6/20,buy,0.34-2.95,1,74.0
LIDR,6.56,1.28,81.82,39.29,1,0.52,0.41,1/20,,0.78-5.15,1,75.0
VITL,6.6,37.72,47.04,25.46,8,0.2,1.15,8/20,buy,14.16-48.41,1,22.0
NOTE,6.64,1.2,60.57,59.42,4,0.52,2.48,4/20,buy,0.752-2.27,1,47.0
BH,6.66,262.92,34.83,33.55,10,26.8,9.1,10/20,,145.95-271.35,1,3.0
RDDT,6.69,176.74,57.33,39.26,6,0.23,3.44,6/20,buy,37.35-182.2,1,3.0
ULCC,6.71,7.29,56.8,42.74,6,0.27,33.25,6/20,hold,2.79-8.33,1,12.0
KVYO,6.71,43.37,44.26,28.01,9,0.3,3.27,9/20,buy,21.26-44.77,1,3.0
CYCN,6.75,3.32,27.36,344.32,-6,6.4,0.93,-6/20,,1.27-9.47,1,65.0
EOSE,6.76,5.17,101.01,109.05,13,-2.36,-14.36,13/20,buy,0.61-5.3,1,2.0
TER,6.8,130.84,34.79,30.97,11,0.2,0.26,11/20,buy,92.29-163.21,1,20.0
NPK,6.81,97.19,28.01,34.08,12,0.3,0.22,12/20,,69.58-97.19,1,-0.0
ATOM,6.83,12.58,96.9,129.2,13,-0.13,-0.87,13/20,buy,2.31-12.7985,1,2.0
NVTS,6.84,4.12,66.88,95.59,2,0.2,1.29,2/20,buy,1.75-8.39,1,51.0
ECOR,6.9,16.76,47.01,56.2,8,0.07,0.17,8/20,buy,5.32-17.892,1,6.0
EVEX,7.02,5.59,52.24,52.83,8,0.01,0.08,8/20,buy,2.33-7.49,1,25.0
VNCE,7.11,3.71,37.27,194.71,3,0.02,0.06,3/20,buy,1.27-6.89,1,46.0
QMCO,7.11,67.37,67.83,367.05,6,0,0,6/20,hold,2.22-71.93,1,6.0
ACHR,7.14,11.33,74.41,69.02,4,0.05,0.18,4/20,buy,2.821-11.36,1,0.0
SKYT,7.17,16.06,26.09,129.48,9,0.23,6.76,9/20,strongBuy,5.63-19.0,1,15.0
ZVIA,7.21,3.81,67.09,98.01,4,0.08,1.15,4/20,hold,0.615-3.9782,1,4.0
JBLU,7.22,7.82,61.73,45.32,8,0.23,2.02,8/20,hold,4.5-8.07,1,3.0
XMTR,7.51,44.66,37.68,59.85,13,0.21,2.32,13/20,strongBuy,11.08-45.33,1,1.0
ALAB,7.78,145.81,68.83,63.07,9,0.06,0.35,9/20,buy,36.215-147.33,1,1.0
FOA,7.8,28.55,71.72,74.09,8,0.69,6.64,8/20,strongBuy,4.1-29.97,1,5.0
NKGN,7.81,0.87,163.97,149.65,6,0,0,6/20,,0.203-4.06,1,78.0
TSLA,7.83,454.13,86.2,51.61,7,0.02,0.04,7/20,hold,138.8-488.54,1,7.000000000000001
SOUN,7.89,24.23,26.57,201.02,9,0.05,0.65,9/20,buy,1.62-24.98,1,3.0
VUZI,8.11,5.26,143.43,154.89,11,-0.67,-6.73,11/20,buy,0.83-5.355,1,2.0
REAL,8.16,10.99,81.63,116.16,6,0.02,0.23,6/20,hold,1.52-11.075,1,1.0
BYRN,8.28,31.14,79.44,82.54,9,0.4,18.11,9/20,buy,5.36-31.32,1,1.0
MIND,8.31,7.49,61.7,121.67,10,2.61,14.58,10/20,buy,3.05-8.18,1,8.0
NIXX,8.36,5.16,94.49,133.06,4,1.27,0.59,4/20,,1.1201-8.5,1,39.0
BBAI,8.45,4.45,195.35,138.76,5,-0.48,-8.28,5/20,buy,1.165-4.795,1,7.000000000000001
ONDS,8.64,2.51,162.79,203.46,8,-0.0,-0.06,8/20,buy,0.537-2.67,1,6.0
RVPH,9.19,1.86,134.83,113.8,3,0.05,0.16,3/20,buy,0.6-5.67,1,67.0
CSBR,9.29,8.1,87.67,108.44,12,0.18,8.67,12/20,buy,3.6-8.88,1,9.0
AMPG,9.51,5.12,150.0,365.16,6,0.0,-0.08,6/20,strongBuy,0.64-5.43,1,6.0
VIRX,9.94,0.24,142.86,79.26,8,0.4,1.11,8/20,hold,0.13-1.31,1,82.0
QUBT,10.22,19.24,106.99,250.04,6,0.02,0.25,6/20,buy,0.355-27.15,1,28.999999999999996
QBTS,10.42,9.9,200.0,255.87,9,-0.09,-1.06,9/20,strongBuy,0.681-10.5,1,6.0
SES,11.63,1.42,150.4,299.09,4,0.05,0.59,4/20,hold,0.2-1.92,1,26.0
RR,12.41,2.67,276.42,264.52,7,0,0,7/20,,0.302-12.29,1,78.0
EQH,45.98,48.05,9.36,0.32,-7,0.03,0.02,-7/21,hold,31.76-50.51,1,5.0
MNR,222.97,16.43,7.8,10.0,2,0.14,0.25,2/21,buy,14.46-21.19,1,22.0
