VIST,0.32,57.5,4.44,1.05,-2,-19.31,-0.9,-2/20,buy,29.07-59.47,1,3.0
JBDI,0.67,0.71,13.89,15.7,-1,0,0,-1/20,,0.513-39.41,1,98.0
BOLSY,0.69,5.47,6.17,20.91,0,0.0,0.0,0/20,hold,4.426-7.14,1,23.0
WLFC,0.72,214.16,33.43,8.51,-3,-0.07,-0.33,-3/20,,45.32-235.43,1,9.0
SMNEY,0.77,55.76,7.01,4.36,1,0,0,1/20,,12.2-57.13,1,2.0
STNG,0.91,52.86,5.52,13.52,2,-0.07,-0.05,2/20,buy,45.94-84.67,1,38.0
SEI,1.0,29.29,30.54,24.35,-1,-0.03,-0.19,-1/20,buy,6.59-32.61,1,10.0
GEV,1.16,368.52,19.1,16.37,2,-0.26,-1.17,2/20,buy,119.0-376.295,1,2.0
MNSO,1.22,25.38,1.26,7.75,5,-0.01,-0.01,5/20,buy,12.51-27.71,1,8.0
LFVN,1.35,16.45,20.01,26.56,3,-0.07,-0.33,3/20,buy,5.22-19.06,1,14.000000000000002
IPX,1.67,33.75,16.09,24.85,6,0,0,6/20,buy,9.54-38.93,1,13.0
GGAL,1.67,72.22,36.05,36.47,3,0,0,3/20,buy,15.32-74.0,1,2.0
PRTH,1.67,11.33,43.09,38.58,2,-0.13,-3.33,2/20,buy,2.819-12.435,1,9.0
BBAR,1.75,22.96,15.42,48.25,6,-0.29,-0.64,6/20,buy,4.63-25.01,1,8.0
STEM,1.8,1.13,8.26,230.53,2,-0.06,-0.34,2/20,hold,0.303-3.74,1,70.0
ABCL,1.83,3.28,41.24,18.42,4,-0.03,-0.21,4/20,buy,2.335-5.77,1,43.0
SERV,1.84,18.61,24.64,98.1,4,0,0,4/20,buy,1.77-30.0,1,38.0
PRAX,1.88,77.52,27.54,25.73,6,-0.22,-0.16,6/20,buy,33.01-86.93,1,11.0
TSSI,2.02,12.61,15.36,48.08,8,0,0,8/20,,0.24-14.49,1,13.0
IONQ,2.07,49.59,20.8,71.91,7,-0.2,-1.75,7/20,buy,6.22-54.74,1,9.0
CGBS,2.07,0.59,43.01,141.68,2,0,0,2/20,,0.255-6.91,1,92.0
QBTS,2.11,9.55,19.35,155.93,5,-0.06,-0.71,5/20,strongBuy,0.681-11.41,1,16.0
OST,2.21,2.42,34.09,48.17,7,0,0,7/20,,1.6-8.1,1,70.0
SPI,2.24,0.68,44.55,145.1,3,-0.08,0.0,3/20,,0.27-1.75,1,61.0
SUPV,2.29,18.32,27.27,65.22,8,-0.04,-0.3,8/20,hold,3.329-19.199,1,5.0
BMA,2.35,115.85,41.38,51.46,7,-109.24,-0.07,7/20,hold,24.41-118.42,1,2.0
LCID,2.41,3.18,47.24,39.29,7,-0.01,-0.05,7/20,hold,1.93-4.43,1,28.000000000000004
ICLK,2.53,8.82,43.06,20.77,9,0,0,9/20,,1.03-11.38,1,22.0
RDW,2.55,16.81,36.72,55.79,9,-0.09,-1.87,9/20,buy,2.68-18.54,1,9.0
QMCO,2.73,45.11,27.82,314.44,4,0,0,4/20,hold,2.22-90.64,1,50.0
EOSE,2.82,5.39,45.95,83.72,9,-0.73,-4.72,9/20,buy,0.61-6.01,1,10.0
WIMI,2.96,1.82,56.6,173.66,6,0,0,6/20,,0.605-2.92,1,38.0
PPTA,3.01,12.51,16.95,9.49,-7,0.07,0.75,-7/20,strongBuy,2.69-13.23,1,5.0
DATS,3.05,8.93,16.3,551.36,1,0,0,1/20,,1.01-9.34,1,4.0
MU,3.11,101.91,9.42,3.34,-5,0.09,0.07,-5/20,buy,79.15-157.54,1,35.0
BPMC,3.18,94.37,13.82,0.43,-5,0.53,0.44,-5/20,buy,72.24-121.9,1,23.0
FTAI,3.29,159.91,2.0,13.15,-3,0.41,0.87,-3/20,buy,46.2-177.18,1,10.0
RCAT,3.33,13.06,78.14,103.23,8,-0.06,-0.72,8/20,buy,0.563-15.274,1,14.000000000000002
INSP,3.36,215.42,11.86,20.9,-4,0.95,10.66,-4/20,buy,123.0-257.4,1,16.0
TLN,3.45,212.71,5.83,3.92,-2,8.74,7.7,-2/20,buy,64.0-230.89,1,8.0
NTRA,3.52,170.4,2.04,3.34,-1,0.71,1.12,-1/20,buy,59.8-175.63,1,3.0
SMTC,3.55,65.15,12.13,1.77,-2,0.05,0.28,-2/20,buy,18.16-70.27,1,7.000000000000001
MRNA,3.58,47.53,11.92,8.91,-2,1.98,1.02,-2/20,hold,35.8-170.47,1,72.0
INSG,3.6,11.7,26.26,19.17,-4,1.71,17.33,-4/20,hold,1.6-20.67,1,43.0
UAL,3.63,101.21,7.54,8.99,-1,0.37,0.1,-1/20,buy,37.02-105.09,1,4.0
CLBT,3.69,21.96,1.51,16.35,0,0.1,1.5,0/20,buy,7.91-22.91,1,4.0
MTEK,3.72,4.39,99.17,141.94,7,0,0,7/20,,1.02-6.47,1,32.0
BNTX,3.72,126.88,12.75,8.74,-1,1.1,0.86,-1/20,buy,76.53-131.49,1,4.0
DAVE,3.77,85.77,30.4,7.98,-3,0.92,1.54,-3/20,buy,8.805-108.496,1,21.0
PLYA,3.79,12.14,2.45,38.33,0,0.21,1.27,0/20,buy,6.95-12.81,1,5.0
VST,3.83,163.37,9.11,17.43,0,3.51,2.82,0/20,buy,38.08-168.67,1,3.0
AENT,3.88,9.93,120.0,88.49,7,0,0,7/20,buy,1.0-11.572,1,14.000000000000002
REAL,3.92,9.18,16.16,9.15,0,0.02,0.23,0/20,hold,1.52-11.375,1,19.0
RSI,4.09,14.74,24.25,17.81,0,0.1,39.11,0/20,buy,3.56-14.96,1,1.0
RAIL,4.15,10.28,11.72,19.33,2,0.03,0.6,2/20,buy,2.4-16.1,1,36.0
CLS,4.18,98.27,22.15,14.53,1,0.19,0.23,1/20,buy,26.62-101.72,1,3.0
VRNA,4.25,49.55,38.78,35.4,7,-0.04,0.14,7/20,buy,11.39-51.8,1,4.0
ELMD,4.27,30.3,22.31,2.87,2,0.19,4.76,2/20,buy,9.9-31.88,1,5.0
SONO,4.28,14.89,8.26,0.5,4,0.06,0.35,4/20,buy,10.23-19.76,1,25.0
HOOD,4.3,40.56,38.54,7.31,0,0.04,0.16,0/20,buy,10.38-43.83,1,7.000000000000001
GRND,4.4,17.34,11.48,18.48,4,0.03,0.45,4/20,strongBuy,7.93-18.425,1,6.0
BYRN,4.42,27.04,17.96,61.79,2,0.15,15.0,2/20,buy,5.36-31.32,1,14.000000000000002
WGS,4.51,97.04,10.97,48.13,4,0.46,1.86,4/20,buy,2.85-98.87,1,2.0
CRDO,4.54,75.28,26.18,21.33,3,0.02,0.32,3/20,buy,16.82-78.97,1,5.0
UI,4.54,353.29,35.75,12.0,2,0.51,0.31,2/20,strongBuy,104.24-366.73,1,4.0
IMRX,4.59,2.36,13.64,22.7,5,0.12,0.22,5/20,buy,1.0-7.68,1,69.0
EAT,4.63,136.79,9.42,18.06,6,0.15,0.32,6/20,hold,37.25-142.47,1,4.0
ARQT,4.63,15.76,12.36,39.13,5,0.2,0.43,5/20,buy,3.11-16.2,1,3.0
YPF,4.7,46.03,20.19,21.24,5,2.85,3.18,5/20,hold,14.53-47.35,1,3.0
NXT,4.75,43.92,15.19,23.04,6,0.64,1.03,6/20,buy,30.93-62.31,1,30.0
ALLT,4.83,6.96,26.09,62.96,4,0.08,2.5,4/20,buy,1.45-7.16,1,3.0
KOS,4.84,3.9,29.03,18.56,5,0.04,0.33,5/20,buy,2.62-6.79,1,43.0
^TNX,4.87,4.68,15.72,17.42,7,1,1,7/20,,None-4.997,1,6.0
SMWB,4.87,14.9,20.6,30.34,6,0.06,2.7,6/20,buy,5.25-14.9,1,0.0
TARS,4.88,55.08,17.21,13.64,7,0.36,0.35,7/20,buy,20.082-57.14,1,4.0
MBLY,4.97,19.55,20.74,21.28,7,0.01,0.18,7/20,buy,10.48-34.0,1,43.0
LUNR,5.05,19.87,5.15,77.73,8,0.73,28.23,8/20,buy,2.3-22.32,1,11.0
SES,5.14,1.75,22.0,299.0,0,0.01,0.08,0/20,hold,0.2-2.53,1,31.0
RKLB,5.22,27.95,39.27,34.58,6,0.03,0.43,6/20,buy,3.47-30.26,1,8.0
AVIR,5.31,3.36,18.02,17.48,10,0.35,0.5,10/20,buy,2.75-4.6,1,27.0
KULR,5.69,3.26,51.72,202.28,3,0.01,0.5,3/20,buy,0.1-5.49,1,41.0
QUBT,6.03,17.49,60.24,217.88,4,0.02,0.25,4/20,buy,0.355-27.15,1,36.0
ECOR,6.46,17.05,92.25,47.51,8,0.07,0.17,8/20,buy,5.32-18.67,1,9.0
RGTI,8.25,18.39,318.65,284.74,8,-0.05,-0.81,8/20,buy,0.66-21.42,1,14.000000000000002
INVZ,8.37,2.2,206.9,203.33,11,0.0,0.03,11/20,hold,0.45-3.14,1,30.0
LAES,9.64,7.15,348.98,643.98,4,0,0,4/20,,0.29-11.0,1,35.0
CL=F,30.47,74.64,16.16,13.35,4,1,1,4/21,,65.27-87.67,1,15.0
